0.000000,0.400000,0.400000
0.010000,0.398403,0.401603
0.020000,0.396813,0.403213
0.030000,0.395228,0.404828
0.040000,0.393649,0.406450
0.050000,0.392076,0.408078
0.060000,0.390509,0.409712
0.070000,0.388947,0.411352
0.080000,0.387390,0.412998
0.090000,0.385839,0.414650
0.100000,0.384292,0.416307
0.110000,0.382750,0.417970
0.120000,0.381213,0.419639
0.130000,0.379681,0.421313
0.140000,0.378153,0.422992
0.150000,0.376630,0.424677
0.160000,0.375111,0.426368
0.170000,0.373596,0.428063
0.180000,0.372085,0.429764
0.190000,0.370578,0.431469
0.200000,0.369074,0.433180
0.210000,0.367575,0.434896
0.220000,0.366079,0.436616
0.230000,0.364587,0.438341
0.240000,0.363098,0.440071
0.250000,0.361613,0.441806
0.260000,0.360131,0.443545
0.270000,0.358653,0.445289
0.280000,0.357177,0.447037
0.290000,0.355705,0.448790
0.300000,0.354236,0.450547
0.310000,0.352769,0.452308
0.320000,0.351306,0.454073
0.330000,0.349845,0.455843
0.340000,0.348388,0.457616
0.350000,0.346933,0.459394
0.360000,0.345480,0.461175
0.370000,0.344031,0.462960
0.380000,0.342584,0.464749
0.390000,0.341139,0.466542
0.400000,0.339697,0.468338
0.410000,0.338258,0.470138
0.420000,0.336821,0.471941
0.430000,0.335386,0.473748
0.440000,0.333954,0.475558
0.450000,0.332524,0.477372
0.460000,0.331096,0.479188
0.470000,0.329671,0.481008
0.480000,0.328248,0.482831
0.490000,0.326827,0.484657
0.500000,0.325408,0.486485
0.510000,0.323991,0.488317
0.520000,0.322577,0.490151
0.530000,0.321164,0.491989
0.540000,0.319754,0.493828
0.550000,0.318346,0.495671
0.560000,0.316939,0.497516
0.570000,0.315535,0.499363
0.580000,0.314133,0.501213
0.590000,0.312733,0.503065
0.600000,0.311335,0.504920
0.610000,0.309939,0.506776
0.620000,0.308544,0.508635
0.630000,0.307152,0.510496
0.640000,0.305762,0.512359
0.650000,0.304374,0.514223
0.660000,0.302987,0.516090
0.670000,0.301603,0.517958
0.680000,0.300220,0.519828
0.690000,0.298840,0.521700
0.700000,0.297461,0.523573
0.710000,0.296085,0.525448
0.720000,0.294710,0.527324
0.730000,0.293337,0.529202
0.740000,0.291967,0.531081
0.750000,0.290598,0.532961
0.760000,0.289231,0.534842
0.770000,0.287866,0.536724
0.780000,0.286503,0.538608
0.790000,0.285143,0.540492
0.800000,0.283784,0.542378
0.810000,0.282427,0.544264
0.820000,0.281072,0.546151
0.830000,0.279719,0.548038
0.840000,0.278368,0.549926
0.850000,0.277020,0.551815
0.860000,0.275673,0.553704
0.870000,0.274328,0.555594
0.880000,0.272986,0.557484
0.890000,0.271645,0.559374
0.900000,0.270307,0.561265
0.910000,0.268971,0.563156
0.920000,0.267637,0.565047
0.930000,0.266305,0.566937
0.940000,0.264975,0.568828
0.950000,0.263648,0.570719
0.960000,0.262322,0.572609
0.970000,0.260999,0.574500
0.980000,0.259678,0.576390
0.990000,0.258360,0.578279
1.000000,0.257044,0.580168
1.010000,0.255730,0.582057
1.020000,0.254418,0.583945
1.030000,0.253109,0.585832
1.040000,0.251802,0.587719
1.050000,0.250497,0.589605
1.060000,0.249195,0.591490
1.070000,0.247895,0.593374
1.080000,0.246598,0.595258
1.090000,0.245303,0.597140
1.100000,0.244011,0.599021
1.110000,0.242721,0.600901
1.120000,0.241434,0.602780
1.130000,0.240149,0.604657
1.140000,0.238867,0.606533
1.150000,0.237587,0.608408
1.160000,0.236311,0.610281
1.170000,0.235036,0.612153
1.180000,0.233765,0.614023
1.190000,0.232496,0.615891
1.200000,0.231230,0.617758
1.210000,0.229966,0.619623
1.220000,0.228706,0.621486
1.230000,0.227448,0.623347
1.240000,0.226193,0.625206
1.250000,0.224941,0.627063
1.260000,0.223692,0.628918
1.270000,0.222445,0.630771
1.280000,0.221202,0.632622
1.290000,0.219961,0.634470
1.300000,0.218724,0.636316
1.310000,0.217489,0.638160
1.320000,0.216258,0.640001
1.330000,0.215029,0.641839
1.340000,0.213804,0.643676
1.350000,0.212581,0.645509
1.360000,0.211362,0.647340
1.370000,0.210146,0.649168
1.380000,0.208933,0.650993
1.390000,0.207723,0.652815
1.400000,0.206517,0.654635
1.410000,0.205313,0.656451
1.420000,0.204113,0.658264
1.430000,0.202916,0.660075
1.440000,0.201723,0.661882
1.450000,0.200533,0.663686
1.460000,0.199346,0.665487
1.470000,0.198163,0.667284
1.480000,0.196983,0.669078
1.490000,0.195806,0.670869
1.500000,0.194633,0.672656
1.510000,0.193463,0.674439
1.520000,0.192297,0.676219
1.530000,0.191134,0.677996
1.540000,0.189975,0.679769
1.550000,0.188819,0.681538
1.560000,0.187667,0.683303
1.570000,0.186519,0.685064
1.580000,0.185374,0.686822
1.590000,0.184233,0.688575
1.600000,0.183095,0.690325
1.610000,0.181961,0.692071
1.620000,0.180831,0.693812
1.630000,0.179705,0.695550
1.640000,0.178582,0.697283
1.650000,0.177463,0.699012
1.660000,0.176348,0.700737
1.670000,0.175237,0.702457
1.680000,0.174129,0.704173
1.690000,0.173026,0.705885
1.700000,0.171926,0.707592
1.710000,0.170830,0.709295
1.720000,0.169738,0.710994
1.730000,0.168650,0.712687
1.740000,0.167566,0.714376
1.750000,0.166485,0.716061
1.760000,0.165409,0.717741
1.770000,0.164337,0.719416
1.780000,0.163269,0.721086
1.790000,0.162204,0.722751
1.800000,0.161144,0.724412
1.810000,0.160088,0.726067
1.820000,0.159036,0.727718
1.830000,0.157988,0.729364
1.840000,0.156944,0.731005
1.850000,0.155904,0.732640
1.860000,0.154868,0.734271
1.870000,0.153837,0.735896
1.880000,0.152809,0.737517
1.890000,0.151786,0.739132
1.900000,0.150767,0.740742
1.910000,0.149752,0.742347
1.920000,0.148741,0.743946
1.930000,0.147735,0.745540
1.940000,0.146733,0.747129
1.950000,0.145735,0.748712
1.960000,0.144741,0.750290
1.970000,0.143751,0.751862
1.980000,0.142766,0.753429
1.990000,0.141785,0.754991
2.000000,0.140809,0.756547
2.010000,0.139836,0.758097
2.020000,0.138868,0.759642
2.030000,0.137905,0.761181
2.040000,0.136945,0.762714
2.050000,0.135990,0.764242
2.060000,0.135039,0.765764
2.070000,0.134093,0.767281
2.080000,0.133151,0.768791
2.090000,0.132213,0.770296
2.100000,0.131280,0.771795
2.110000,0.130351,0.773288
2.120000,0.129427,0.774776
2.130000,0.128506,0.776257
2.140000,0.127591,0.777733
2.150000,0.126679,0.779203
2.160000,0.125772,0.780667
2.170000,0.124870,0.782124
2.180000,0.123972,0.783576
2.190000,0.123078,0.785022
2.200000,0.122189,0.786462
2.210000,0.121304,0.787896
2.220000,0.120424,0.789324
2.230000,0.119548,0.790746
2.240000,0.118676,0.792161
2.250000,0.117809,0.793571
2.260000,0.116946,0.794974
2.270000,0.116088,0.796372
2.280000,0.115234,0.797763
2.290000,0.114385,0.799148
2.300000,0.113540,0.800527
2.310000,0.112699,0.801900
2.320000,0.111863,0.803266
2.330000,0.111032,0.804627
2.340000,0.110205,0.805981
2.350000,0.109382,0.807329
2.360000,0.108563,0.808671
2.370000,0.107750,0.810006
2.380000,0.106940,0.811336
2.390000,0.106135,0.812659
2.400000,0.105335,0.813975
2.410000,0.104538,0.815286
2.420000,0.103747,0.816590
2.430000,0.102959,0.817888
2.440000,0.102176,0.819180
2.450000,0.101398,0.820465
2.460000,0.100624,0.821744
2.470000,0.099854,0.823017
2.480000,0.099089,0.824283
2.490000,0.098328,0.825543
2.500000,0.097571,0.826797
2.510000,0.096819,0.828045
2.520000,0.096071,0.829286
2.530000,0.095328,0.830521
2.540000,0.094589,0.831749
2.550000,0.093854,0.832972
2.560000,0.093124,0.834188
2.570000,0.092398,0.835397
2.580000,0.091676,0.836600
2.590000,0.090959,0.837797
2.600000,0.090246,0.838988
2.610000,0.089537,0.840172
2.620000,0.088832,0.841350
2.630000,0.088132,0.842522
2.640000,0.087436,0.843687
2.650000,0.086745,0.844846
2.660000,0.086058,0.845999
2.670000,0.085374,0.847146
2.680000,0.084696,0.848286
2.690000,0.084021,0.849420
2.700000,0.083351,0.850547
2.710000,0.082685,0.851669
2.720000,0.082023,0.852784
2.730000,0.081365,0.853893
2.740000,0.080711,0.854995
2.750000,0.080062,0.856092
2.760000,0.079417,0.857182
2.770000,0.078776,0.858265
2.780000,0.078139,0.859343
2.790000,0.077506,0.860415
2.800000,0.076877,0.861480
2.810000,0.076253,0.862539
2.820000,0.075632,0.863592
2.830000,0.075016,0.864638
2.840000,0.074404,0.865679
2.850000,0.073795,0.866713
2.860000,0.073191,0.867741
2.870000,0.072591,0.868763
2.880000,0.071995,0.869779
2.890000,0.071402,0.870789
2.900000,0.070814,0.871793
2.910000,0.070230,0.872791
2.920000,0.069650,0.873782
2.930000,0.069073,0.874768
2.940000,0.068501,0.875747
2.950000,0.067932,0.876721
2.960000,0.067368,0.877688
2.970000,0.066807,0.878650
2.980000,0.066250,0.879605
2.990000,0.065697,0.880555
3.000000,0.065148,0.881499
3.010000,0.064603,0.882436
3.020000,0.064061,0.883368
3.030000,0.063524,0.884294
3.040000,0.062990,0.885214
3.050000,0.062459,0.886128
3.060000,0.061933,0.887036
3.070000,0.061410,0.887939
3.080000,0.060891,0.888835
3.090000,0.060376,0.889726
3.100000,0.059865,0.890611
3.110000,0.059357,0.891491
3.120000,0.058853,0.892364
3.130000,0.058352,0.893232
3.140000,0.057855,0.894094
3.150000,0.057362,0.894950
3.160000,0.056872,0.895801
3.170000,0.056386,0.896646
3.180000,0.055903,0.897486
3.190000,0.055424,0.898320
3.200000,0.054948,0.899148
3.210000,0.054476,0.899971
3.220000,0.054008,0.900788
3.230000,0.053542,0.901600
3.240000,0.053081,0.902406
3.250000,0.052623,0.903206
3.260000,0.052168,0.904002
3.270000,0.051716,0.904791
3.280000,0.051268,0.905576
3.290000,0.050824,0.906355
3.300000,0.050382,0.907128
3.310000,0.049944,0.907896
3.320000,0.049510,0.908659
3.330000,0.049078,0.909417
3.340000,0.048650,0.910169
3.350000,0.048226,0.910916
3.360000,0.047804,0.911658
3.370000,0.047386,0.912395
3.380000,0.046971,0.913126
3.390000,0.046559,0.913852
3.400000,0.046150,0.914573
3.410000,0.045745,0.915289
3.420000,0.045342,0.916000
3.430000,0.044943,0.916706
3.440000,0.044547,0.917406
3.450000,0.044154,0.918102
3.460000,0.043764,0.918792
3.470000,0.043377,0.919478
3.480000,0.042993,0.920159
3.490000,0.042612,0.920834
3.500000,0.042234,0.921505
3.510000,0.041859,0.922171
3.520000,0.041487,0.922832
3.530000,0.041118,0.923488
3.540000,0.040752,0.924139
3.550000,0.040389,0.924786
3.560000,0.040028,0.925428
3.570000,0.039671,0.926065
3.580000,0.039317,0.926697
3.590000,0.038965,0.927325
3.600000,0.038616,0.927947
3.610000,0.038270,0.928566
3.620000,0.037927,0.929179
3.630000,0.037586,0.929788
3.640000,0.037249,0.930393
3.650000,0.036914,0.930993
3.660000,0.036581,0.931588
3.670000,0.036252,0.932179
3.680000,0.035925,0.932765
3.690000,0.035601,0.933347
3.700000,0.035279,0.933925
3.710000,0.034960,0.934498
3.720000,0.034644,0.935066
3.730000,0.034330,0.935631
3.740000,0.034019,0.936191
3.750000,0.033711,0.936746
3.760000,0.033405,0.937298
3.770000,0.033101,0.937845
3.780000,0.032800,0.938388
3.790000,0.032502,0.938926
3.800000,0.032206,0.939461
3.810000,0.031913,0.939991
3.820000,0.031622,0.940517
3.830000,0.031333,0.941039
3.840000,0.031047,0.941557
3.850000,0.030763,0.942071
3.860000,0.030482,0.942581
3.870000,0.030203,0.943087
3.880000,0.029926,0.943589
3.890000,0.029652,0.944086
3.900000,0.029380,0.944580
3.910000,0.029110,0.945070
3.920000,0.028843,0.945556
3.930000,0.028577,0.946039
3.940000,0.028315,0.946517
3.950000,0.028054,0.946992
3.960000,0.027795,0.947462
3.970000,0.027539,0.947929
3.980000,0.027285,0.948393
3.990000,0.027033,0.948852
4.000000,0.026784,0.949308
4.010000,0.026536,0.949760
4.020000,0.026291,0.950208
4.030000,0.026047,0.950653
4.040000,0.025806,0.951094
4.050000,0.025567,0.951532
4.060000,0.025330,0.951966
4.070000,0.025095,0.952397
4.080000,0.024862,0.952824
4.090000,0.024631,0.953247
4.100000,0.024402,0.953667
4.110000,0.024175,0.954084
4.120000,0.023950,0.954497
4.130000,0.023727,0.954907
4.140000,0.023506,0.955313
4.150000,0.023286,0.955716
4.160000,0.023069,0.956116
4.170000,0.022854,0.956512
4.180000,0.022640,0.956905
4.190000,0.022429,0.957295
4.200000,0.022219,0.957682
4.210000,0.022011,0.958065
4.220000,0.021805,0.958445
4.230000,0.021601,0.958822
4.240000,0.021399,0.959196
4.250000,0.021198,0.959567
4.260000,0.020999,0.959935
4.270000,0.020802,0.960299
4.280000,0.020607,0.960661
4.290000,0.020413,0.961019
4.300000,0.020221,0.961374
4.310000,0.020031,0.961727
4.320000,0.019842,0.962076
4.330000,0.019655,0.962423
4.340000,0.019470,0.962766
4.350000,0.019287,0.963107
4.360000,0.019105,0.963444
4.370000,0.018925,0.963779
4.380000,0.018746,0.964111
4.390000,0.018569,0.964440
4.400000,0.018394,0.964767
4.410000,0.018220,0.965090
4.420000,0.018047,0.965411
4.430000,0.017877,0.965729
4.440000,0.017707,0.966044
4.450000,0.017540,0.966357
4.460000,0.017374,0.966667
4.470000,0.017209,0.966974
4.480000,0.017046,0.967279
4.490000,0.016884,0.967581
4.500000,0.016724,0.967880
4.510000,0.016565,0.968177
4.520000,0.016408,0.968471
4.530000,0.016252,0.968763
4.540000,0.016097,0.969052
4.550000,0.015944,0.969338
4.560000,0.015792,0.969622
4.570000,0.015642,0.969904
4.580000,0.015493,0.970183
4.590000,0.015345,0.970460
4.600000,0.015199,0.970734
4.610000,0.015054,0.971006
4.620000,0.014911,0.971276
4.630000,0.014768,0.971543
4.640000,0.014627,0.971808
4.650000,0.014488,0.972070
4.660000,0.014349,0.972330
4.670000,0.014212,0.972588
4.680000,0.014076,0.972844
4.690000,0.013942,0.973097
4.700000,0.013808,0.973348
4.710000,0.013676,0.973597
4.720000,0.013545,0.973844
4.730000,0.013415,0.974089
4.740000,0.013287,0.974331
4.750000,0.013160,0.974571
4.760000,0.013033,0.974809
4.770000,0.012908,0.975045
4.780000,0.012785,0.975279
4.790000,0.012662,0.975511
4.800000,0.012540,0.975741
4.810000,0.012420,0.975968
4.820000,0.012301,0.976194
4.830000,0.012182,0.976418
4.840000,0.012065,0.976639
4.850000,0.011949,0.976859
4.860000,0.011834,0.977077
4.870000,0.011720,0.977292
4.880000,0.011608,0.977506
4.890000,0.011496,0.977718
4.900000,0.011385,0.977928
4.910000,0.011275,0.978136
4.920000,0.011167,0.978342
4.930000,0.011059,0.978547
4.940000,0.010952,0.978749
4.950000,0.010847,0.978950
4.960000,0.010742,0.979149
4.970000,0.010638,0.979346
4.980000,0.010536,0.979541
4.990000,0.010434,0.979735
5.000000,0.010333,0.979926
5.010000,0.010233,0.980117
5.020000,0.010134,0.980305
5.030000,0.010036,0.980491
5.040000,0.009939,0.980676
5.050000,0.009843,0.980860
5.060000,0.009748,0.981041
5.070000,0.009654,0.981221
5.080000,0.009560,0.981399
5.090000,0.009468,0.981576
5.100000,0.009376,0.981751
5.110000,0.009285,0.981924
5.120000,0.009195,0.982096
5.130000,0.009106,0.982267
5.140000,0.009018,0.982435
5.150000,0.008930,0.982602
5.160000,0.008844,0.982768
5.170000,0.008758,0.982932
5.180000,0.008673,0.983095
5.190000,0.008589,0.983256
5.200000,0.008505,0.983416
5.210000,0.008423,0.983574
5.220000,0.008341,0.983731
5.230000,0.008260,0.983886
5.240000,0.008179,0.984040
5.250000,0.008100,0.984192
5.260000,0.008021,0.984343
5.270000,0.007943,0.984493
5.280000,0.007866,0.984641
5.290000,0.007789,0.984788
5.300000,0.007714,0.984933
5.310000,0.007639,0.985078
5.320000,0.007564,0.985220
5.330000,0.007491,0.985362
5.340000,0.007418,0.985502
5.350000,0.007345,0.985641
5.360000,0.007274,0.985779
5.370000,0.007203,0.985915
5.380000,0.007133,0.986050
5.390000,0.007063,0.986184
5.400000,0.006994,0.986317
5.410000,0.006926,0.986448
5.420000,0.006858,0.986578
5.430000,0.006792,0.986707
5.440000,0.006725,0.986835
5.450000,0.006660,0.986961
5.460000,0.006595,0.987086
5.470000,0.006530,0.987211
5.480000,0.006466,0.987334
5.490000,0.006403,0.987455
5.500000,0.006341,0.987576
5.510000,0.006279,0.987696
5.520000,0.006217,0.987814
5.530000,0.006157,0.987932
5.540000,0.006096,0.988048
5.550000,0.006037,0.988163
5.560000,0.005978,0.988277
5.570000,0.005919,0.988390
5.580000,0.005861,0.988502
5.590000,0.005804,0.988613
5.600000,0.005747,0.988723
5.610000,0.005691,0.988832
5.620000,0.005635,0.988940
5.630000,0.005580,0.989046
5.640000,0.005526,0.989152
5.650000,0.005471,0.989257
5.660000,0.005418,0.989361
5.670000,0.005365,0.989464
5.680000,0.005312,0.989565
5.690000,0.005260,0.989666
5.700000,0.005209,0.989766
5.710000,0.005158,0.989865
5.720000,0.005107,0.989963
5.730000,0.005057,0.990061
5.740000,0.005007,0.990157
5.750000,0.004958,0.990252
5.760000,0.004910,0.990347
5.770000,0.004861,0.990440
5.780000,0.004814,0.990533
5.790000,0.004766,0.990624
5.800000,0.004720,0.990715
5.810000,0.004673,0.990805
5.820000,0.004627,0.990895
5.830000,0.004582,0.990983
5.840000,0.004537,0.991070
5.850000,0.004493,0.991157
5.860000,0.004448,0.991243
5.870000,0.004405,0.991328
5.880000,0.004361,0.991412
5.890000,0.004319,0.991495
5.900000,0.004276,0.991578
5.910000,0.004234,0.991660
5.920000,0.004192,0.991741
5.930000,0.004151,0.991821
5.940000,0.004110,0.991901
5.950000,0.004070,0.991980
5.960000,0.004030,0.992058
5.970000,0.003990,0.992135
5.980000,0.003951,0.992211
5.990000,0.003912,0.992287
6.000000,0.003874,0.992362
6.010000,0.003836,0.992437
6.020000,0.003798,0.992510
6.030000,0.003761,0.992583
6.040000,0.003724,0.992655
6.050000,0.003687,0.992727
6.060000,0.003651,0.992798
6.070000,0.003615,0.992868
6.080000,0.003579,0.992937
6.090000,0.003544,0.993006
6.100000,0.003509,0.993075
6.110000,0.003474,0.993142
6.120000,0.003440,0.993209
6.130000,0.003406,0.993275
6.140000,0.003373,0.993341
6.150000,0.003339,0.993406
6.160000,0.003307,0.993470
6.170000,0.003274,0.993534
6.180000,0.003242,0.993597
6.190000,0.003210,0.993660
6.200000,0.003178,0.993721
6.210000,0.003147,0.993783
6.220000,0.003116,0.993844
6.230000,0.003085,0.993904
6.240000,0.003055,0.993963
6.250000,0.003024,0.994022
6.260000,0.002995,0.994081
6.270000,0.002965,0.994139
6.280000,0.002936,0.994196
6.290000,0.002907,0.994253
6.300000,0.002878,0.994309
6.310000,0.002850,0.994365
6.320000,0.002822,0.994420
6.330000,0.002794,0.994474
6.340000,0.002766,0.994528
6.350000,0.002739,0.994582
6.360000,0.002712,0.994635
6.370000,0.002685,0.994687
6.380000,0.002659,0.994739
6.390000,0.002632,0.994791
6.400000,0.002606,0.994842
6.410000,0.002581,0.994893
6.420000,0.002555,0.994943
6.430000,0.002530,0.994992
6.440000,0.002505,0.995041
6.450000,0.002480,0.995090
6.460000,0.002456,0.995138
6.470000,0.002431,0.995186
6.480000,0.002407,0.995233
6.490000,0.002384,0.995280
6.500000,0.002360,0.995326
6.510000,0.002337,0.995372
6.520000,0.002314,0.995417
6.530000,0.002291,0.995462
6.540000,0.002268,0.995507
6.550000,0.002246,0.995551
6.560000,0.002223,0.995594
6.570000,0.002202,0.995638
6.580000,0.002180,0.995680
6.590000,0.002158,0.995723
6.600000,0.002137,0.995765
6.610000,0.002116,0.995806
6.620000,0.002095,0.995848
6.630000,0.002074,0.995888
6.640000,0.002054,0.995929
6.650000,0.002033,0.995969
6.660000,0.002013,0.996008
6.670000,0.001993,0.996048
6.680000,0.001974,0.996086
6.690000,0.001954,0.996125
6.700000,0.001935,0.996163
6.710000,0.001916,0.996201
6.720000,0.001897,0.996238
6.730000,0.001878,0.996275
6.740000,0.001859,0.996312
6.750000,0.001841,0.996348
6.760000,0.001823,0.996384
6.770000,0.001805,0.996419
6.780000,0.001787,0.996455
6.790000,0.001769,0.996490
6.800000,0.001751,0.996524
6.810000,0.001734,0.996558
6.820000,0.001717,0.996592
6.830000,0.001700,0.996626
6.840000,0.001683,0.996659
6.850000,0.001666,0.996692
6.860000,0.001650,0.996724
6.870000,0.001634,0.996757
6.880000,0.001617,0.996789
6.890000,0.001601,0.996820
6.900000,0.001586,0.996851
6.910000,0.001570,0.996882
6.920000,0.001554,0.996913
6.930000,0.001539,0.996944
6.940000,0.001524,0.996974
6.950000,0.001509,0.997004
6.960000,0.001494,0.997033
6.970000,0.001479,0.997062
6.980000,0.001464,0.997091
6.990000,0.001450,0.997120
7.000000,0.001435,0.997148
7.010000,0.001421,0.997176
7.020000,0.001407,0.997204
7.030000,0.001393,0.997232
7.040000,0.001379,0.997259
7.050000,0.001366,0.997286
7.060000,0.001352,0.997313
7.070000,0.001339,0.997339
7.080000,0.001325,0.997366
7.090000,0.001312,0.997392
7.100000,0.001299,0.997417
7.110000,0.001286,0.997443
7.120000,0.001274,0.997468
7.130000,0.001261,0.997493
7.140000,0.001249,0.997518
7.150000,0.001236,0.997542
7.160000,0.001224,0.997566
7.170000,0.001212,0.997591
7.180000,0.001200,0.997614
7.190000,0.001188,0.997638
7.200000,0.001176,0.997661
7.210000,0.001164,0.997684
7.220000,0.001153,0.997707
7.230000,0.001141,0.997730
7.240000,0.001130,0.997752
7.250000,0.001119,0.997774
7.260000,0.001108,0.997796
7.270000,0.001097,0.997818
7.280000,0.001086,0.997840
7.290000,0.001075,0.997861
7.300000,0.001064,0.997882
7.310000,0.001054,0.997903
7.320000,0.001043,0.997924
7.330000,0.001033,0.997944
7.340000,0.001023,0.997965
7.350000,0.001013,0.997985
7.360000,0.001003,0.998005
7.370000,0.000993,0.998024
7.380000,0.000983,0.998044
7.390000,0.000973,0.998063
7.400000,0.000963,0.998082
7.410000,0.000954,0.998101
7.420000,0.000944,0.998120
7.430000,0.000935,0.998139
7.440000,0.000926,0.998157
7.450000,0.000917,0.998175
7.460000,0.000908,0.998193
7.470000,0.000898,0.998211
7.480000,0.000890,0.998229
7.490000,0.000881,0.998246
7.500000,0.000872,0.998264
7.510000,0.000863,0.998281
7.520000,0.000855,0.998298
7.530000,0.000846,0.998315
7.540000,0.000838,0.998331
7.550000,0.000830,0.998348
7.560000,0.000821,0.998364
7.570000,0.000813,0.998380
7.580000,0.000805,0.998396
7.590000,0.000797,0.998412
7.600000,0.000789,0.998428
7.610000,0.000781,0.998444
7.620000,0.000774,0.998459
7.630000,0.000766,0.998474
7.640000,0.000758,0.998489
7.650000,0.000751,0.998504
7.660000,0.000743,0.998519
7.670000,0.000736,0.998534
7.680000,0.000729,0.998548
7.690000,0.000721,0.998563
7.700000,0.000714,0.998577
7.710000,0.000707,0.998591
7.720000,0.000700,0.998605
7.730000,0.000693,0.998619
7.740000,0.000686,0.998632
7.750000,0.000680,0.998646
7.760000,0.000673,0.998659
7.770000,0.000666,0.998673
7.780000,0.000659,0.998686
7.790000,0.000653,0.998699
7.800000,0.000646,0.998712
7.810000,0.000640,0.998724
7.820000,0.000634,0.998737
7.830000,0.000627,0.998750
7.840000,0.000621,0.998762
7.850000,0.000615,0.998774
7.860000,0.000609,0.998786
7.870000,0.000603,0.998798
7.880000,0.000597,0.998810
7.890000,0.000591,0.998822
7.900000,0.000585,0.998834
7.910000,0.000579,0.998845
7.920000,0.000573,0.998857
7.930000,0.000568,0.998868
7.940000,0.000562,0.998879
7.950000,0.000557,0.998890
7.960000,0.000551,0.998901
7.970000,0.000546,0.998912
7.980000,0.000540,0.998923
7.990000,0.000535,0.998934
8.000000,0.000529,0.998944
8.010000,0.000524,0.998955
8.020000,0.000519,0.998965
8.030000,0.000514,0.998975
8.040000,0.000509,0.998986
8.050000,0.000504,0.998996
8.060000,0.000499,0.999006
8.070000,0.000494,0.999015
8.080000,0.000489,0.999025
8.090000,0.000484,0.999035
8.100000,0.000479,0.999044
8.110000,0.000474,0.999054
8.120000,0.000470,0.999063
8.130000,0.000465,0.999073
8.140000,0.000460,0.999082
8.150000,0.000456,0.999091
8.160000,0.000451,0.999100
8.170000,0.000447,0.999109
8.180000,0.000442,0.999118
8.190000,0.000438,0.999126
8.200000,0.000434,0.999135
8.210000,0.000429,0.999144
8.220000,0.000425,0.999152
8.230000,0.000421,0.999160
8.240000,0.000417,0.999169
8.250000,0.000412,0.999177
8.260000,0.000408,0.999185
8.270000,0.000404,0.999193
8.280000,0.000400,0.999201
8.290000,0.000396,0.999209
8.300000,0.000392,0.999217
8.310000,0.000388,0.999225
8.320000,0.000385,0.999233
8.330000,0.000381,0.999240
8.340000,0.000377,0.999248
8.350000,0.000373,0.999255
8.360000,0.000370,0.999263
8.370000,0.000366,0.999270
8.380000,0.000362,0.999277
8.390000,0.000359,0.999284
8.400000,0.000355,0.999291
8.410000,0.000352,0.999298
8.420000,0.000348,0.999305
8.430000,0.000345,0.999312
8.440000,0.000341,0.999319
8.450000,0.000338,0.999326
8.460000,0.000334,0.999333
8.470000,0.000331,0.999339
8.480000,0.000328,0.999346
8.490000,0.000325,0.999352
8.500000,0.000321,0.999359
8.510000,0.000318,0.999365
8.520000,0.000315,0.999371
8.530000,0.000312,0.999378
8.540000,0.000309,0.999384
8.550000,0.000306,0.999390
8.560000,0.000303,0.999396
8.570000,0.000300,0.999402
8.580000,0.000297,0.999408
8.590000,0.000294,0.999414
8.600000,0.000291,0.999420
8.610000,0.000288,0.999425
8.620000,0.000285,0.999431
8.630000,0.000282,0.999437
8.640000,0.000279,0.999442
8.650000,0.000277,0.999448
8.660000,0.000274,0.999453
8.670000,0.000271,0.999459
8.680000,0.000268,0.999464
8.690000,0.000266,0.999469
8.700000,0.000263,0.999475
8.710000,0.000260,0.999480
8.720000,0.000258,0.999485
8.730000,0.000255,0.999490
8.740000,0.000253,0.999495
8.750000,0.000250,0.999500
8.760000,0.000248,0.999505
8.770000,0.000245,0.999510
8.780000,0.000243,0.999515
8.790000,0.000240,0.999520
8.800000,0.000238,0.999525
8.810000,0.000236,0.999529
8.820000,0.000233,0.999534
8.830000,0.000231,0.999539
8.840000,0.000229,0.999543
8.850000,0.000226,0.999548
8.860000,0.000224,0.999552
8.870000,0.000222,0.999557
8.880000,0.000220,0.999561
8.890000,0.000218,0.999565
8.900000,0.000215,0.999570
8.910000,0.000213,0.999574
8.920000,0.000211,0.999578
8.930000,0.000209,0.999582
8.940000,0.000207,0.999587
8.950000,0.000205,0.999591
8.960000,0.000203,0.999595
8.970000,0.000201,0.999599
8.980000,0.000199,0.999603
8.990000,0.000197,0.999607
9.000000,0.000195,0.999611
9.010000,0.000193,0.999614
9.020000,0.000191,0.999618
9.030000,0.000189,0.999622
9.040000,0.000187,0.999626
9.050000,0.000185,0.999630
9.060000,0.000184,0.999633
9.070000,0.000182,0.999637
9.080000,0.000180,0.999640
9.090000,0.000178,0.999644
9.100000,0.000176,0.999648
9.110000,0.000175,0.999651
9.120000,0.000173,0.999655
9.130000,0.000171,0.999658
9.140000,0.000169,0.999661
9.150000,0.000168,0.999665
9.160000,0.000166,0.999668
9.170000,0.000164,0.999671
9.180000,0.000163,0.999675
9.190000,0.000161,0.999678
9.200000,0.000160,0.999681
9.210000,0.000158,0.999684
9.220000,0.000156,0.999687
9.230000,0.000155,0.999691
9.240000,0.000153,0.999694
9.250000,0.000152,0.999697
9.260000,0.000150,0.999700
9.270000,0.000149,0.999703
9.280000,0.000147,0.999706
9.290000,0.000146,0.999709
9.300000,0.000144,0.999711
9.310000,0.000143,0.999714
9.320000,0.000142,0.999717
9.330000,0.000140,0.999720
9.340000,0.000139,0.999723
9.350000,0.000137,0.999725
9.360000,0.000136,0.999728
9.370000,0.000135,0.999731
9.380000,0.000133,0.999734
9.390000,0.000132,0.999736
9.400000,0.000131,0.999739
9.410000,0.000129,0.999741
9.420000,0.000128,0.999744
9.430000,0.000127,0.999747
9.440000,0.000126,0.999749
9.450000,0.000124,0.999752
9.460000,0.000123,0.999754
9.470000,0.000122,0.999756
9.480000,0.000121,0.999759
9.490000,0.000119,0.999761
9.500000,0.000118,0.999764
9.510000,0.000117,0.999766
9.520000,0.000116,0.999768
9.530000,0.000115,0.999771
9.540000,0.000114,0.999773
9.550000,0.000113,0.999775
9.560000,0.000111,0.999777
9.570000,0.000110,0.999780
9.580000,0.000109,0.999782
9.590000,0.000108,0.999784
9.600000,0.000107,0.999786
9.610000,0.000106,0.999788
9.620000,0.000105,0.999790
9.630000,0.000104,0.999792
9.640000,0.000103,0.999795
9.650000,0.000102,0.999797
9.660000,0.000101,0.999799
9.670000,0.000100,0.999801
9.680000,0.000099,0.999803
9.690000,0.000098,0.999805
9.700000,0.000097,0.999806
9.710000,0.000096,0.999808
9.720000,0.000095,0.999810
9.730000,0.000094,0.999812
9.740000,0.000093,0.999814
9.750000,0.000092,0.999816
9.760000,0.000091,0.999818
9.770000,0.000090,0.999820
9.780000,0.000089,0.999821
9.790000,0.000089,0.999823
9.800000,0.000088,0.999825
9.810000,0.000087,0.999827
9.820000,0.000086,0.999828
9.830000,0.000085,0.999830
9.840000,0.000084,0.999832
9.850000,0.000083,0.999833
9.860000,0.000083,0.999835
9.870000,0.000082,0.999837
9.880000,0.000081,0.999838
9.890000,0.000080,0.999840
9.900000,0.000079,0.999842
9.910000,0.000078,0.999843
9.920000,0.000078,0.999845
9.930000,0.000077,0.999846
9.940000,0.000076,0.999848
9.950000,0.000075,0.999849
9.960000,0.000075,0.999851
9.970000,0.000074,0.999852
9.980000,0.000073,0.999854
9.990000,0.000072,0.999855
