0.000000,0.400000,0.400000
0.010000,0.407226,0.404805
0.020000,0.414502,0.409617
0.030000,0.421826,0.414437
0.040000,0.429196,0.419263
0.050000,0.436610,0.424093
0.060000,0.444063,0.428926
0.070000,0.451555,0.433760
0.080000,0.459082,0.438595
0.090000,0.466641,0.443429
0.100000,0.474231,0.448261
0.110000,0.481847,0.453089
0.120000,0.489487,0.457912
0.130000,0.497148,0.462729
0.140000,0.504827,0.467538
0.150000,0.512522,0.472337
0.160000,0.520229,0.477127
0.170000,0.527945,0.481905
0.180000,0.535667,0.486670
0.190000,0.543392,0.491421
0.200000,0.551118,0.496156
0.210000,0.558840,0.500874
0.220000,0.566557,0.505575
0.230000,0.574265,0.510256
0.240000,0.581960,0.514917
0.250000,0.589641,0.519557
0.260000,0.597304,0.524174
0.270000,0.604946,0.528767
0.280000,0.612564,0.533335
0.290000,0.620156,0.537877
0.300000,0.627718,0.542392
0.310000,0.635247,0.546879
0.320000,0.642742,0.551338
0.330000,0.650199,0.555766
0.340000,0.657616,0.560164
0.350000,0.664990,0.564530
0.360000,0.672319,0.568863
0.370000,0.679599,0.573163
0.380000,0.686830,0.577429
0.390000,0.694008,0.581660
0.400000,0.701131,0.585855
0.410000,0.708197,0.590014
0.420000,0.715204,0.594137
0.430000,0.722150,0.598222
0.440000,0.729033,0.602268
0.450000,0.735851,0.606276
0.460000,0.742602,0.610246
0.470000,0.749285,0.614175
0.480000,0.755898,0.618065
0.490000,0.762440,0.621914
0.500000,0.768909,0.625723
0.510000,0.775304,0.629490
0.520000,0.781623,0.633217
0.530000,0.787865,0.636901
0.540000,0.794030,0.640544
0.550000,0.800116,0.644145
0.560000,0.806122,0.647704
0.570000,0.812048,0.651221
0.580000,0.817892,0.654695
0.590000,0.823655,0.658127
0.600000,0.829335,0.661517
0.610000,0.834931,0.664864
0.620000,0.840444,0.668168
0.630000,0.845874,0.671431
0.640000,0.851219,0.674651
0.650000,0.856479,0.677829
0.660000,0.861655,0.680964
0.670000,0.866746,0.684058
0.680000,0.871753,0.687110
0.690000,0.876674,0.690121
0.700000,0.881511,0.693090
0.710000,0.886264,0.696018
0.720000,0.890932,0.698905
0.730000,0.895517,0.701752
0.740000,0.900018,0.704558
0.750000,0.904435,0.707325
0.760000,0.908770,0.710051
0.770000,0.913023,0.712738
0.780000,0.917193,0.715386
0.790000,0.921283,0.717996
0.800000,0.925291,0.720567
0.810000,0.929220,0.723100
0.820000,0.933069,0.725595
0.830000,0.936840,0.728054
0.840000,0.940532,0.730475
0.850000,0.944148,0.732861
0.860000,0.947687,0.735210
0.870000,0.951151,0.737524
0.880000,0.954540,0.739803
0.890000,0.957855,0.742047
0.900000,0.961097,0.744257
0.910000,0.964267,0.746433
0.920000,0.967366,0.748576
0.930000,0.970395,0.750687
0.940000,0.973355,0.752764
0.950000,0.976247,0.754810
0.960000,0.979071,0.756825
0.970000,0.981829,0.758808
0.980000,0.984522,0.760761
0.990000,0.987150,0.762684
1.000000,0.989716,0.764578
1.010000,0.992219,0.766442
1.020000,0.994660,0.768278
1.030000,0.997042,0.770085
1.040000,0.999364,0.771865
1.050000,1.001628,0.773617
1.060000,1.003834,0.775343
1.070000,1.005985,0.777042
1.080000,1.008080,0.778715
1.090000,1.010122,0.780363
1.100000,1.012110,0.781985
1.110000,1.014045,0.783583
1.120000,1.015930,0.785157
1.130000,1.017764,0.786707
1.140000,1.019549,0.788234
1.150000,1.021286,0.789738
1.160000,1.022975,0.791219
1.170000,1.024618,0.792679
1.180000,1.026215,0.794116
1.190000,1.027768,0.795533
1.200000,1.029277,0.796928
1.210000,1.030744,0.798303
1.220000,1.032169,0.799658
1.230000,1.033552,0.800993
1.240000,1.034896,0.802309
1.250000,1.036200,0.803605
1.260000,1.037466,0.804884
1.270000,1.038695,0.806144
1.280000,1.039886,0.807386
1.290000,1.041042,0.808610
1.300000,1.042163,0.809817
1.310000,1.043249,0.811008
1.320000,1.044302,0.812182
1.330000,1.045322,0.813339
1.340000,1.046310,0.814481
1.350000,1.047266,0.815607
1.360000,1.048192,0.816718
1.370000,1.049089,0.817814
1.380000,1.049956,0.818895
1.390000,1.050794,0.819962
1.400000,1.051605,0.821015
1.410000,1.052388,0.822054
1.420000,1.053145,0.823080
1.430000,1.053876,0.824092
1.440000,1.054582,0.825091
1.450000,1.055264,0.826078
1.460000,1.055921,0.827052
1.470000,1.056554,0.828014
1.480000,1.057165,0.828963
1.490000,1.057754,0.829902
1.500000,1.058321,0.830828
1.510000,1.058866,0.831744
1.520000,1.059391,0.832648
1.530000,1.059896,0.833542
1.540000,1.060381,0.834425
1.550000,1.060846,0.835298
1.560000,1.061293,0.836160
1.570000,1.061722,0.837013
1.580000,1.062133,0.837855
1.590000,1.062527,0.838689
1.600000,1.062904,0.839513
1.610000,1.063265,0.840327
1.620000,1.063609,0.841133
1.630000,1.063938,0.841930
1.640000,1.064252,0.842718
1.650000,1.064551,0.843498
1.660000,1.064836,0.844270
1.670000,1.065106,0.845033
1.680000,1.065363,0.845788
1.690000,1.065607,0.846536
1.700000,1.065838,0.847276
1.710000,1.066056,0.848008
1.720000,1.066262,0.848734
1.730000,1.066456,0.849452
1.740000,1.066638,0.850162
1.750000,1.066809,0.850866
1.760000,1.066969,0.851563
1.770000,1.067119,0.852254
1.780000,1.067258,0.852938
1.790000,1.067387,0.853615
1.800000,1.067506,0.854287
1.810000,1.067616,0.854952
1.820000,1.067716,0.855611
1.830000,1.067807,0.856264
1.840000,1.067889,0.856911
1.850000,1.067963,0.857553
1.860000,1.068029,0.858189
1.870000,1.068086,0.858819
1.880000,1.068136,0.859444
1.890000,1.068178,0.860064
1.900000,1.068213,0.860679
1.910000,1.068240,0.861288
1.920000,1.068260,0.861893
1.930000,1.068274,0.862492
1.940000,1.068281,0.863087
1.950000,1.068282,0.863677
1.960000,1.068276,0.864262
1.970000,1.068264,0.864843
1.980000,1.068247,0.865420
1.990000,1.068224,0.865991
2.000000,1.068195,0.866559
2.010000,1.068161,0.867122
2.020000,1.068121,0.867681
2.030000,1.068077,0.868236
2.040000,1.068028,0.868787
2.050000,1.067974,0.869334
2.060000,1.067915,0.869877
2.070000,1.067852,0.870417
2.080000,1.067784,0.870952
2.090000,1.067713,0.871484
2.100000,1.067637,0.872012
2.110000,1.067557,0.872536
2.120000,1.067474,0.873057
2.130000,1.067386,0.873575
2.140000,1.067296,0.874089
2.150000,1.067201,0.874600
2.160000,1.067103,0.875107
2.170000,1.067002,0.875611
2.180000,1.066898,0.876112
2.190000,1.066791,0.876610
2.200000,1.066681,0.877104
2.210000,1.066568,0.877596
2.220000,1.066452,0.878085
2.230000,1.066334,0.878570
2.240000,1.066212,0.879053
2.250000,1.066089,0.879532
2.260000,1.065963,0.880009
2.270000,1.065834,0.880483
2.280000,1.065704,0.880955
2.290000,1.065571,0.881423
2.300000,1.065436,0.881889
2.310000,1.065299,0.882352
2.320000,1.065160,0.882813
2.330000,1.065019,0.883271
2.340000,1.064877,0.883726
2.350000,1.064732,0.884179
2.360000,1.064586,0.884630
2.370000,1.064439,0.885078
2.380000,1.064289,0.885524
2.390000,1.064138,0.885967
2.400000,1.063986,0.886408
2.410000,1.063832,0.886846
2.420000,1.063677,0.887283
2.430000,1.063521,0.887717
2.440000,1.063363,0.888148
2.450000,1.063205,0.888578
2.460000,1.063045,0.889005
2.470000,1.062884,0.889430
2.480000,1.062722,0.889854
2.490000,1.062559,0.890275
2.500000,1.062395,0.890693
2.510000,1.062230,0.891110
2.520000,1.062064,0.891525
2.530000,1.061897,0.891938
2.540000,1.061730,0.892349
2.550000,1.061562,0.892757
2.560000,1.061393,0.893164
2.570000,1.061223,0.893569
2.580000,1.061053,0.893972
2.590000,1.060882,0.894373
2.600000,1.060710,0.894773
2.610000,1.060538,0.895170
2.620000,1.060366,0.895566
2.630000,1.060193,0.895959
2.640000,1.060019,0.896351
2.650000,1.059845,0.896742
2.660000,1.059671,0.897130
2.670000,1.059496,0.897517
2.680000,1.059321,0.897902
2.690000,1.059146,0.898285
2.700000,1.058970,0.898666
2.710000,1.058794,0.899046
2.720000,1.058618,0.899425
2.730000,1.058441,0.899801
2.740000,1.058265,0.900176
2.750000,1.058088,0.900549
2.760000,1.057911,0.900921
2.770000,1.057734,0.901291
2.780000,1.057556,0.901660
2.790000,1.057379,0.902027
2.800000,1.057201,0.902392
2.810000,1.057024,0.902756
2.820000,1.056846,0.903118
2.830000,1.056668,0.903479
2.840000,1.056491,0.903838
2.850000,1.056313,0.904196
2.860000,1.056135,0.904553
2.870000,1.055958,0.904907
2.880000,1.055780,0.905261
2.890000,1.055602,0.905613
2.900000,1.055425,0.905963
2.910000,1.055248,0.906312
2.920000,1.055070,0.906660
2.930000,1.054893,0.907006
2.940000,1.054716,0.907351
2.950000,1.054539,0.907695
2.960000,1.054362,0.908037
2.970000,1.054186,0.908378
2.980000,1.054009,0.908717
2.990000,1.053833,0.909055
3.000000,1.053657,0.909392
3.010000,1.053481,0.909727
3.020000,1.053305,0.910061
3.030000,1.053130,0.910394
3.040000,1.052954,0.910725
3.050000,1.052779,0.911056
3.060000,1.052604,0.911384
3.070000,1.052430,0.911712
3.080000,1.052256,0.912038
3.090000,1.052082,0.912363
3.100000,1.051908,0.912687
3.110000,1.051734,0.913010
3.120000,1.051561,0.913331
3.130000,1.051388,0.913651
3.140000,1.051216,0.913970
3.150000,1.051044,0.914287
3.160000,1.050872,0.914604
3.170000,1.050700,0.914919
3.180000,1.050529,0.915233
3.190000,1.050358,0.915546
3.200000,1.050187,0.915857
3.210000,1.050017,0.916168
3.220000,1.049847,0.916477
3.230000,1.049677,0.916785
3.240000,1.049508,0.917092
3.250000,1.049339,0.917397
3.260000,1.049171,0.917702
3.270000,1.049003,0.918005
3.280000,1.048835,0.918308
3.290000,1.048667,0.918609
3.300000,1.048500,0.918909
3.310000,1.048334,0.919208
3.320000,1.048168,0.919506
3.330000,1.048002,0.919802
3.340000,1.047836,0.920098
3.350000,1.047671,0.920393
3.360000,1.047507,0.920686
3.370000,1.047342,0.920978
3.380000,1.047178,0.921269
3.390000,1.047015,0.921560
3.400000,1.046852,0.921849
3.410000,1.046689,0.922137
3.420000,1.046527,0.922424
3.430000,1.046365,0.922710
3.440000,1.046204,0.922994
3.450000,1.046043,0.923278
3.460000,1.045883,0.923561
3.470000,1.045723,0.923843
3.480000,1.045563,0.924123
3.490000,1.045404,0.924403
3.500000,1.045245,0.924681
3.510000,1.045087,0.924959
3.520000,1.044929,0.925236
3.530000,1.044771,0.925511
3.540000,1.044614,0.925786
3.550000,1.044457,0.926059
3.560000,1.044301,0.926332
3.570000,1.044145,0.926603
3.580000,1.043990,0.926874
3.590000,1.043835,0.927143
3.600000,1.043681,0.927412
3.610000,1.043527,0.927680
3.620000,1.043373,0.927946
3.630000,1.043220,0.928212
3.640000,1.043068,0.928477
3.650000,1.042915,0.928740
3.660000,1.042764,0.929003
3.670000,1.042612,0.929265
3.680000,1.042462,0.929526
3.690000,1.042311,0.929786
3.700000,1.042161,0.930045
3.710000,1.042012,0.930303
3.720000,1.041863,0.930560
3.730000,1.041714,0.930816
3.740000,1.041566,0.931071
3.750000,1.041418,0.931325
3.760000,1.041271,0.931579
3.770000,1.041124,0.931831
3.780000,1.040978,0.932083
3.790000,1.040832,0.932334
3.800000,1.040686,0.932583
3.810000,1.040541,0.932832
3.820000,1.040397,0.933080
3.830000,1.040253,0.933327
3.840000,1.040109,0.933573
3.850000,1.039966,0.933819
3.860000,1.039823,0.934063
3.870000,1.039681,0.934306
3.880000,1.039539,0.934549
3.890000,1.039397,0.934791
3.900000,1.039256,0.935032
3.910000,1.039116,0.935272
3.920000,1.038976,0.935511
3.930000,1.038836,0.935749
3.940000,1.038697,0.935986
3.950000,1.038558,0.936223
3.960000,1.038420,0.936459
3.970000,1.038282,0.936693
3.980000,1.038145,0.936927
3.990000,1.038008,0.937160
4.000000,1.037871,0.937393
4.010000,1.037735,0.937624
4.020000,1.037599,0.937855
4.030000,1.037464,0.938085
4.040000,1.037329,0.938314
4.050000,1.037195,0.938542
4.060000,1.037061,0.938769
4.070000,1.036927,0.938996
4.080000,1.036794,0.939221
4.090000,1.036662,0.939446
4.100000,1.036530,0.939670
4.110000,1.036398,0.939893
4.120000,1.036267,0.940116
4.130000,1.036136,0.940337
4.140000,1.036005,0.940558
4.150000,1.035875,0.940778
4.160000,1.035746,0.940998
4.170000,1.035617,0.941216
4.180000,1.035488,0.941434
4.190000,1.035360,0.941651
4.200000,1.035232,0.941867
4.210000,1.035104,0.942082
4.220000,1.034977,0.942297
4.230000,1.034851,0.942510
4.240000,1.034725,0.942723
4.250000,1.034599,0.942936
4.260000,1.034474,0.943147
4.270000,1.034349,0.943358
4.280000,1.034224,0.943568
4.290000,1.034100,0.943777
4.300000,1.033976,0.943985
4.310000,1.033853,0.944193
4.320000,1.033730,0.944400
4.330000,1.033608,0.944606
4.340000,1.033486,0.944811
4.350000,1.033364,0.945016
4.360000,1.033243,0.945220
4.370000,1.033122,0.945423
4.380000,1.033002,0.945626
4.390000,1.032882,0.945827
4.400000,1.032763,0.946028
4.410000,1.032644,0.946229
4.420000,1.032525,0.946428
4.430000,1.032407,0.946627
4.440000,1.032289,0.946825
4.450000,1.032171,0.947023
4.460000,1.032054,0.947219
4.470000,1.031937,0.947415
4.480000,1.031821,0.947611
4.490000,1.031705,0.947805
4.500000,1.031590,0.947999
4.510000,1.031474,0.948192
4.520000,1.031360,0.948385
4.530000,1.031245,0.948576
4.540000,1.031131,0.948767
4.550000,1.031018,0.948958
4.560000,1.030905,0.949147
4.570000,1.030792,0.949336
4.580000,1.030680,0.949525
4.590000,1.030568,0.949712
4.600000,1.030456,0.949899
4.610000,1.030345,0.950086
4.620000,1.030234,0.950271
4.630000,1.030124,0.950456
4.640000,1.030013,0.950640
4.650000,1.029904,0.950824
4.660000,1.029794,0.951007
4.670000,1.029686,0.951189
4.680000,1.029577,0.951371
4.690000,1.029469,0.951552
4.700000,1.029361,0.951732
4.710000,1.029254,0.951912
4.720000,1.029147,0.952091
4.730000,1.029040,0.952269
4.740000,1.028934,0.952446
4.750000,1.028828,0.952624
4.760000,1.028722,0.952800
4.770000,1.028617,0.952976
4.780000,1.028512,0.953151
4.790000,1.028408,0.953325
4.800000,1.028303,0.953499
4.810000,1.028200,0.953672
4.820000,1.028096,0.953845
4.830000,1.027993,0.954017
4.840000,1.027891,0.954188
4.850000,1.027788,0.954359
4.860000,1.027686,0.954529
4.870000,1.027585,0.954698
4.880000,1.027484,0.954867
4.890000,1.027383,0.955035
4.900000,1.027282,0.955203
4.910000,1.027182,0.955370
4.920000,1.027082,0.955536
4.930000,1.026983,0.955702
4.940000,1.026884,0.955867
4.950000,1.026785,0.956032
4.960000,1.026687,0.956196
4.970000,1.026588,0.956359
4.980000,1.026491,0.956522
4.990000,1.026393,0.956684
5.000000,1.026296,0.956846
5.010000,1.026200,0.957007
5.020000,1.026103,0.957167
5.030000,1.026007,0.957327
5.040000,1.025912,0.957486
5.050000,1.025816,0.957645
5.060000,1.025721,0.957803
5.070000,1.025627,0.957961
5.080000,1.025532,0.958118
5.090000,1.025438,0.958274
5.100000,1.025345,0.958430
5.110000,1.025251,0.958585
5.120000,1.025158,0.958740
5.130000,1.025066,0.958894
5.140000,1.024973,0.959047
5.150000,1.024881,0.959200
5.160000,1.024789,0.959353
5.170000,1.024698,0.959505
5.180000,1.024607,0.959656
5.190000,1.024516,0.959807
5.200000,1.024426,0.959957
5.210000,1.024336,0.960106
5.220000,1.024246,0.960256
5.230000,1.024157,0.960404
5.240000,1.024068,0.960552
5.250000,1.023979,0.960700
5.260000,1.023890,0.960847
5.270000,1.023802,0.960993
5.280000,1.023714,0.961139
5.290000,1.023627,0.961284
5.300000,1.023539,0.961429
5.310000,1.023452,0.961573
5.320000,1.023366,0.961717
5.330000,1.023280,0.961860
5.340000,1.023194,0.962003
5.350000,1.023108,0.962145
5.360000,1.023022,0.962287
5.370000,1.022937,0.962428
5.380000,1.022853,0.962568
5.390000,1.022768,0.962708
5.400000,1.022684,0.962848
5.410000,1.022600,0.962987
5.420000,1.022517,0.963125
5.430000,1.022433,0.963264
5.440000,1.022350,0.963401
5.450000,1.022268,0.963538
5.460000,1.022185,0.963675
5.470000,1.022103,0.963811
5.480000,1.022021,0.963946
5.490000,1.021940,0.964081
5.500000,1.021859,0.964216
5.510000,1.021778,0.964350
5.520000,1.021697,0.964483
5.530000,1.021617,0.964616
5.540000,1.021537,0.964749
5.550000,1.021457,0.964881
5.560000,1.021377,0.965012
5.570000,1.021298,0.965144
5.580000,1.021219,0.965274
5.590000,1.021141,0.965404
5.600000,1.021062,0.965534
5.610000,1.020984,0.965663
5.620000,1.020907,0.965792
5.630000,1.020829,0.965920
5.640000,1.020752,0.966048
5.650000,1.020675,0.966175
5.660000,1.020598,0.966302
5.670000,1.020522,0.966428
5.680000,1.020446,0.966554
5.690000,1.020370,0.966680
5.700000,1.020294,0.966805
5.710000,1.020219,0.966929
5.720000,1.020144,0.967053
5.730000,1.020069,0.967177
5.740000,1.019995,0.967300
5.750000,1.019920,0.967423
5.760000,1.019847,0.967545
5.770000,1.019773,0.967667
5.780000,1.019699,0.967788
5.790000,1.019626,0.967909
5.800000,1.019553,0.968029
5.810000,1.019481,0.968149
5.820000,1.019408,0.968269
5.830000,1.019336,0.968388
5.840000,1.019264,0.968506
5.850000,1.019193,0.968625
5.860000,1.019122,0.968742
5.870000,1.019050,0.968860
5.880000,1.018980,0.968977
5.890000,1.018909,0.969093
5.900000,1.018839,0.969209
5.910000,1.018769,0.969325
5.920000,1.018699,0.969440
5.930000,1.018629,0.969555
5.940000,1.018560,0.969669
5.950000,1.018491,0.969783
5.960000,1.018422,0.969897
5.970000,1.018354,0.970010
5.980000,1.018286,0.970122
5.990000,1.018218,0.970235
6.000000,1.018150,0.970346
6.010000,1.018082,0.970458
6.020000,1.018015,0.970569
6.030000,1.017948,0.970680
6.040000,1.017881,0.970790
6.050000,1.017814,0.970899
6.060000,1.017748,0.971009
6.070000,1.017682,0.971118
6.080000,1.017616,0.971226
6.090000,1.017551,0.971335
6.100000,1.017485,0.971442
6.110000,1.017420,0.971550
6.120000,1.017355,0.971657
6.130000,1.017291,0.971763
6.140000,1.017226,0.971869
6.150000,1.017162,0.971975
6.160000,1.017098,0.972081
6.170000,1.017034,0.972186
6.180000,1.016971,0.972290
6.190000,1.016907,0.972394
6.200000,1.016844,0.972498
6.210000,1.016782,0.972602
6.220000,1.016719,0.972705
6.230000,1.016657,0.972807
6.240000,1.016595,0.972910
6.250000,1.016533,0.973012
6.260000,1.016471,0.973113
6.270000,1.016410,0.973214
6.280000,1.016348,0.973315
6.290000,1.016287,0.973416
6.300000,1.016227,0.973516
6.310000,1.016166,0.973615
6.320000,1.016106,0.973715
6.330000,1.016046,0.973814
6.340000,1.015986,0.973912
6.350000,1.015926,0.974010
6.360000,1.015867,0.974108
6.370000,1.015807,0.974206
6.380000,1.015748,0.974303
6.390000,1.015690,0.974400
6.400000,1.015631,0.974496
6.410000,1.015573,0.974592
6.420000,1.015514,0.974688
6.430000,1.015457,0.974783
6.440000,1.015399,0.974878
6.450000,1.015341,0.974973
6.460000,1.015284,0.975067
6.470000,1.015227,0.975161
6.480000,1.015170,0.975254
6.490000,1.015113,0.975348
6.500000,1.015057,0.975440
6.510000,1.015001,0.975533
6.520000,1.014944,0.975625
6.530000,1.014889,0.975717
6.540000,1.014833,0.975808
6.550000,1.014777,0.975900
6.560000,1.014722,0.975990
6.570000,1.014667,0.976081
6.580000,1.014612,0.976171
6.590000,1.014558,0.976261
6.600000,1.014503,0.976350
6.610000,1.014449,0.976439
6.620000,1.014395,0.976528
6.630000,1.014341,0.976617
6.640000,1.014287,0.976705
6.650000,1.014234,0.976793
6.660000,1.014181,0.976880
6.670000,1.014128,0.976967
6.680000,1.014075,0.977054
6.690000,1.014022,0.977141
6.700000,1.013970,0.977227
6.710000,1.013917,0.977313
6.720000,1.013865,0.977398
6.730000,1.013813,0.977484
6.740000,1.013762,0.977568
6.750000,1.013710,0.977653
6.760000,1.013659,0.977737
6.770000,1.013608,0.977821
6.780000,1.013557,0.977905
6.790000,1.013506,0.977988
6.800000,1.013455,0.978071
6.810000,1.013405,0.978154
6.820000,1.013355,0.978236
6.830000,1.013305,0.978319
6.840000,1.013255,0.978400
6.850000,1.013205,0.978482
6.860000,1.013156,0.978563
6.870000,1.013106,0.978644
6.880000,1.013057,0.978725
6.890000,1.013008,0.978805
6.900000,1.012960,0.978885
6.910000,1.012911,0.978964
6.920000,1.012863,0.979044
6.930000,1.012814,0.979123
6.940000,1.012766,0.979202
6.950000,1.012719,0.979280
6.960000,1.012671,0.979358
6.970000,1.012623,0.979436
6.980000,1.012576,0.979514
6.990000,1.012529,0.979591
7.000000,1.012482,0.979668
7.010000,1.012435,0.979745
7.020000,1.012388,0.979822
7.030000,1.012342,0.979898
7.040000,1.012296,0.979974
7.050000,1.012249,0.980049
7.060000,1.012204,0.980125
7.070000,1.012158,0.980200
7.080000,1.012112,0.980274
7.090000,1.012067,0.980349
7.100000,1.012021,0.980423
7.110000,1.011976,0.980497
7.120000,1.011931,0.980571
7.130000,1.011887,0.980644
7.140000,1.011842,0.980717
7.150000,1.011797,0.980790
7.160000,1.011753,0.980863
7.170000,1.011709,0.980935
7.180000,1.011665,0.981007
7.190000,1.011621,0.981079
7.200000,1.011578,0.981150
7.210000,1.011534,0.981221
7.220000,1.011491,0.981292
7.230000,1.011448,0.981363
7.240000,1.011405,0.981434
7.250000,1.011362,0.981504
7.260000,1.011319,0.981574
7.270000,1.011277,0.981643
7.280000,1.011234,0.981713
7.290000,1.011192,0.981782
7.300000,1.011150,0.981851
7.310000,1.011108,0.981919
7.320000,1.011066,0.981987
7.330000,1.011025,0.982056
7.340000,1.010983,0.982123
7.350000,1.010942,0.982191
7.360000,1.010901,0.982258
7.370000,1.010860,0.982325
7.380000,1.010819,0.982392
7.390000,1.010779,0.982459
7.400000,1.010738,0.982525
7.410000,1.010698,0.982591
7.420000,1.010657,0.982657
7.430000,1.010617,0.982723
7.440000,1.010578,0.982788
7.450000,1.010538,0.982853
7.460000,1.010498,0.982918
7.470000,1.010459,0.982982
7.480000,1.010419,0.983047
7.490000,1.010380,0.983111
7.500000,1.010341,0.983175
7.510000,1.010302,0.983238
7.520000,1.010263,0.983302
7.530000,1.010225,0.983365
7.540000,1.010186,0.983428
7.550000,1.010148,0.983490
7.560000,1.010110,0.983553
7.570000,1.010072,0.983615
7.580000,1.010034,0.983677
7.590000,1.009996,0.983739
7.600000,1.009959,0.983800
7.610000,1.009921,0.983862
7.620000,1.009884,0.983923
7.630000,1.009847,0.983984
7.640000,1.009809,0.984044
7.650000,1.009773,0.984105
7.660000,1.009736,0.984165
7.670000,1.009699,0.984225
7.680000,1.009663,0.984284
7.690000,1.009626,0.984344
7.700000,1.009590,0.984403
7.710000,1.009554,0.984462
7.720000,1.009518,0.984521
7.730000,1.009482,0.984579
7.740000,1.009446,0.984638
7.750000,1.009411,0.984696
7.760000,1.009375,0.984754
7.770000,1.009340,0.984812
7.780000,1.009305,0.984869
7.790000,1.009270,0.984926
7.800000,1.009235,0.984983
7.810000,1.009200,0.985040
7.820000,1.009165,0.985097
7.830000,1.009131,0.985153
7.840000,1.009097,0.985209
7.850000,1.009062,0.985265
7.860000,1.009028,0.985321
7.870000,1.008994,0.985377
7.880000,1.008960,0.985432
7.890000,1.008926,0.985487
7.900000,1.008893,0.985542
7.910000,1.008859,0.985597
7.920000,1.008826,0.985652
7.930000,1.008793,0.985706
7.940000,1.008760,0.985760
7.950000,1.008726,0.985814
7.960000,1.008694,0.985868
7.970000,1.008661,0.985921
7.980000,1.008628,0.985974
7.990000,1.008596,0.986028
8.000000,1.008563,0.986081
8.010000,1.008531,0.986133
8.020000,1.008499,0.986186
8.030000,1.008467,0.986238
8.040000,1.008435,0.986290
8.050000,1.008403,0.986342
8.060000,1.008371,0.986394
8.070000,1.008340,0.986445
8.080000,1.008308,0.986497
8.090000,1.008277,0.986548
8.100000,1.008246,0.986599
8.110000,1.008215,0.986650
8.120000,1.008184,0.986700
8.130000,1.008153,0.986751
8.140000,1.008122,0.986801
8.150000,1.008091,0.986851
8.160000,1.008061,0.986901
8.170000,1.008030,0.986950
8.180000,1.008000,0.987000
8.190000,1.007970,0.987049
8.200000,1.007940,0.987098
8.210000,1.007910,0.987147
8.220000,1.007880,0.987196
8.230000,1.007850,0.987244
8.240000,1.007821,0.987292
8.250000,1.007791,0.987341
8.260000,1.007762,0.987389
8.270000,1.007733,0.987436
8.280000,1.007703,0.987484
8.290000,1.007674,0.987531
8.300000,1.007645,0.987579
8.310000,1.007616,0.987626
8.320000,1.007588,0.987673
8.330000,1.007559,0.987719
8.340000,1.007531,0.987766
8.350000,1.007502,0.987812
8.360000,1.007474,0.987859
8.370000,1.007446,0.987905
8.380000,1.007417,0.987950
8.390000,1.007389,0.987996
8.400000,1.007362,0.988042
8.410000,1.007334,0.988087
8.420000,1.007306,0.988132
8.430000,1.007278,0.988177
8.440000,1.007251,0.988222
8.450000,1.007224,0.988267
8.460000,1.007196,0.988311
8.470000,1.007169,0.988355
8.480000,1.007142,0.988400
8.490000,1.007115,0.988444
8.500000,1.007088,0.988487
8.510000,1.007061,0.988531
8.520000,1.007035,0.988574
8.530000,1.007008,0.988618
8.540000,1.006982,0.988661
8.550000,1.006955,0.988704
8.560000,1.006929,0.988747
8.570000,1.006903,0.988789
8.580000,1.006877,0.988832
8.590000,1.006851,0.988874
8.600000,1.006825,0.988917
8.610000,1.006799,0.988959
8.620000,1.006773,0.989000
8.630000,1.006748,0.989042
8.640000,1.006722,0.989084
8.650000,1.006697,0.989125
8.660000,1.006672,0.989166
8.670000,1.006646,0.989207
8.680000,1.006621,0.989248
8.690000,1.006596,0.989289
8.700000,1.006571,0.989330
8.710000,1.006546,0.989370
8.720000,1.006522,0.989411
8.730000,1.006497,0.989451
8.740000,1.006472,0.989491
8.750000,1.006448,0.989531
8.760000,1.006424,0.989570
8.770000,1.006399,0.989610
8.780000,1.006375,0.989649
8.790000,1.006351,0.989689
8.800000,1.006327,0.989728
8.810000,1.006303,0.989767
8.820000,1.006279,0.989806
8.830000,1.006256,0.989844
8.840000,1.006232,0.989883
8.850000,1.006208,0.989921
8.860000,1.006185,0.989959
8.870000,1.006161,0.989998
8.880000,1.006138,0.990035
8.890000,1.006115,0.990073
8.900000,1.006092,0.990111
8.910000,1.006069,0.990148
8.920000,1.006046,0.990186
8.930000,1.006023,0.990223
8.940000,1.006000,0.990260
8.950000,1.005977,0.990297
8.960000,1.005955,0.990334
8.970000,1.005932,0.990371
8.980000,1.005910,0.990407
8.990000,1.005887,0.990444
9.000000,1.005865,0.990480
9.010000,1.005843,0.990516
9.020000,1.005821,0.990552
9.030000,1.005799,0.990588
9.040000,1.005777,0.990624
9.050000,1.005755,0.990659
9.060000,1.005733,0.990695
9.070000,1.005712,0.990730
9.080000,1.005690,0.990765
9.090000,1.005668,0.990800
9.100000,1.005647,0.990835
9.110000,1.005626,0.990870
9.120000,1.005604,0.990905
9.130000,1.005583,0.990939
9.140000,1.005562,0.990974
9.150000,1.005541,0.991008
9.160000,1.005520,0.991042
9.170000,1.005499,0.991076
9.180000,1.005478,0.991110
9.190000,1.005458,0.991144
9.200000,1.005437,0.991177
9.210000,1.005416,0.991211
9.220000,1.005396,0.991244
9.230000,1.005375,0.991277
9.240000,1.005355,0.991310
9.250000,1.005335,0.991343
9.260000,1.005315,0.991376
9.270000,1.005294,0.991409
9.280000,1.005274,0.991442
9.290000,1.005254,0.991474
9.300000,1.005234,0.991507
9.310000,1.005215,0.991539
9.320000,1.005195,0.991571
9.330000,1.005175,0.991603
9.340000,1.005156,0.991635
9.350000,1.005136,0.991667
9.360000,1.005117,0.991698
9.370000,1.005097,0.991730
9.380000,1.005078,0.991761
9.390000,1.005059,0.991792
9.400000,1.005040,0.991824
9.410000,1.005021,0.991855
9.420000,1.005001,0.991886
9.430000,1.004983,0.991916
9.440000,1.004964,0.991947
9.450000,1.004945,0.991978
9.460000,1.004926,0.992008
9.470000,1.004907,0.992039
9.480000,1.004889,0.992069
9.490000,1.004870,0.992099
9.500000,1.004852,0.992129
9.510000,1.004834,0.992159
9.520000,1.004815,0.992189
9.530000,1.004797,0.992218
9.540000,1.004779,0.992248
9.550000,1.004761,0.992277
9.560000,1.004743,0.992307
9.570000,1.004725,0.992336
9.580000,1.004707,0.992365
9.590000,1.004689,0.992394
9.600000,1.004671,0.992423
9.610000,1.004653,0.992452
9.620000,1.004636,0.992480
9.630000,1.004618,0.992509
9.640000,1.004601,0.992537
9.650000,1.004583,0.992566
9.660000,1.004566,0.992594
9.670000,1.004549,0.992622
9.680000,1.004531,0.992650
9.690000,1.004514,0.992678
9.700000,1.004497,0.992706
9.710000,1.004480,0.992734
9.720000,1.004463,0.992761
9.730000,1.004446,0.992789
9.740000,1.004429,0.992816
9.750000,1.004413,0.992843
9.760000,1.004396,0.992871
9.770000,1.004379,0.992898
9.780000,1.004363,0.992925
9.790000,1.004346,0.992952
9.800000,1.004330,0.992978
9.810000,1.004313,0.993005
9.820000,1.004297,0.993032
9.830000,1.004280,0.993058
9.840000,1.004264,0.993084
9.850000,1.004248,0.993111
9.860000,1.004232,0.993137
9.870000,1.004216,0.993163
9.880000,1.004200,0.993189
9.890000,1.004184,0.993215
9.900000,1.004168,0.993241
9.910000,1.004152,0.993266
9.920000,1.004137,0.993292
9.930000,1.004121,0.993317
9.940000,1.004105,0.993343
9.950000,1.004090,0.993368
9.960000,1.004074,0.993393
9.970000,1.004059,0.993418
9.980000,1.004043,0.993443
9.990000,1.004028,0.993468
