0.000000,0.400000,0.400000
0.010000,0.404824,0.397598
0.020000,0.409696,0.395190
0.030000,0.414616,0.392778
0.040000,0.419585,0.390361
0.050000,0.424602,0.387939
0.060000,0.429668,0.385511
0.070000,0.434783,0.383078
0.080000,0.439947,0.380640
0.090000,0.445160,0.378197
0.100000,0.450423,0.375749
0.110000,0.455734,0.373295
0.120000,0.461095,0.370836
0.130000,0.466506,0.368371
0.140000,0.471966,0.365902
0.150000,0.477475,0.363426
0.160000,0.483034,0.360946
0.170000,0.488642,0.358460
0.180000,0.494300,0.355969
0.190000,0.500008,0.353473
0.200000,0.505765,0.350971
0.210000,0.511572,0.348465
0.220000,0.517428,0.345953
0.230000,0.523334,0.343436
0.240000,0.529289,0.340915
0.250000,0.535293,0.338388
0.260000,0.541347,0.335857
0.270000,0.547449,0.333321
0.280000,0.553601,0.330780
0.290000,0.559801,0.328235
0.300000,0.566050,0.325685
0.310000,0.572347,0.323132
0.320000,0.578692,0.320574
0.330000,0.585086,0.318012
0.340000,0.591527,0.315446
0.350000,0.598017,0.312877
0.360000,0.604553,0.310304
0.370000,0.611137,0.307728
0.380000,0.617767,0.305148
0.390000,0.624444,0.302566
0.400000,0.631167,0.299980
0.410000,0.637936,0.297392
0.420000,0.644750,0.294802
0.430000,0.651610,0.292209
0.440000,0.658514,0.289615
0.450000,0.665462,0.287018
0.460000,0.672455,0.284420
0.470000,0.679491,0.281820
0.480000,0.686570,0.279220
0.490000,0.693691,0.276618
0.500000,0.700855,0.274016
0.510000,0.708060,0.271413
0.520000,0.715306,0.268811
0.530000,0.722593,0.266208
0.540000,0.729919,0.263606
0.550000,0.737285,0.261004
0.560000,0.744690,0.258404
0.570000,0.752132,0.255804
0.580000,0.759612,0.253206
0.590000,0.767129,0.250610
0.600000,0.774682,0.248016
0.610000,0.782271,0.245425
0.620000,0.789894,0.242836
0.630000,0.797551,0.240250
0.640000,0.805241,0.237668
0.650000,0.812964,0.235089
0.660000,0.820719,0.232514
0.670000,0.828504,0.229944
0.680000,0.836320,0.227378
0.690000,0.844165,0.224817
0.700000,0.852038,0.222261
0.710000,0.859939,0.219711
0.720000,0.867866,0.217167
0.730000,0.875819,0.214629
0.740000,0.883798,0.212098
0.750000,0.891800,0.209574
0.760000,0.899825,0.207057
0.770000,0.907872,0.204547
0.780000,0.915941,0.202046
0.790000,0.924029,0.199553
0.800000,0.932137,0.197069
0.810000,0.940263,0.194593
0.820000,0.948406,0.192127
0.830000,0.956565,0.189671
0.840000,0.964739,0.187224
0.850000,0.972927,0.184788
0.860000,0.981128,0.182363
0.870000,0.989341,0.179948
0.880000,0.997564,0.177545
0.890000,1.005798,0.175154
0.900000,1.014040,0.172774
0.910000,1.022290,0.170407
0.920000,1.030545,0.168053
0.930000,1.038807,0.165711
0.940000,1.047072,0.163383
0.950000,1.055341,0.161068
0.960000,1.063611,0.158767
0.970000,1.071882,0.156480
0.980000,1.080153,0.154208
0.990000,1.088422,0.151951
1.000000,1.096688,0.149708
1.010000,1.104951,0.147481
1.020000,1.113208,0.145269
1.030000,1.121460,0.143073
1.040000,1.129704,0.140894
1.050000,1.137940,0.138730
1.060000,1.146166,0.136584
1.070000,1.154381,0.134454
1.080000,1.162585,0.132341
1.090000,1.170775,0.130246
1.100000,1.178951,0.128168
1.110000,1.187112,0.126108
1.120000,1.195257,0.124066
1.130000,1.203384,0.122042
1.140000,1.211492,0.120036
1.150000,1.219581,0.118049
1.160000,1.227648,0.116081
1.170000,1.235694,0.114131
1.180000,1.243716,0.112201
1.190000,1.251715,0.110290
1.200000,1.259688,0.108398
1.210000,1.267635,0.106526
1.220000,1.275555,0.104673
1.230000,1.283446,0.102840
1.240000,1.291308,0.101027
1.250000,1.299140,0.099234
1.260000,1.306940,0.097461
1.270000,1.314708,0.095708
1.280000,1.322443,0.093975
1.290000,1.330143,0.092263
1.300000,1.337808,0.090571
1.310000,1.345437,0.088899
1.320000,1.353030,0.087248
1.330000,1.360584,0.085618
1.340000,1.368099,0.084008
1.350000,1.375575,0.082418
1.360000,1.383011,0.080849
1.370000,1.390405,0.079301
1.380000,1.397758,0.077773
1.390000,1.405067,0.076266
1.400000,1.412333,0.074779
1.410000,1.419555,0.073313
1.420000,1.426731,0.071867
1.430000,1.433862,0.070442
1.440000,1.440947,0.069037
1.450000,1.447984,0.067653
1.460000,1.454974,0.066289
1.470000,1.461916,0.064945
1.480000,1.468808,0.063621
1.490000,1.475651,0.062317
1.500000,1.482444,0.061033
1.510000,1.489187,0.059769
1.520000,1.495879,0.058525
1.530000,1.502519,0.057301
1.540000,1.509106,0.056096
1.550000,1.515642,0.054910
1.560000,1.522125,0.053744
1.570000,1.528554,0.052597
1.580000,1.534930,0.051469
1.590000,1.541251,0.050360
1.600000,1.547519,0.049270
1.610000,1.553731,0.048199
1.620000,1.559889,0.047146
1.630000,1.565991,0.046111
1.640000,1.572038,0.045094
1.650000,1.578030,0.044095
1.660000,1.583965,0.043115
1.670000,1.589844,0.042151
1.680000,1.595667,0.041206
1.690000,1.601433,0.040277
1.700000,1.607143,0.039366
1.710000,1.612796,0.038472
1.720000,1.618392,0.037594
1.730000,1.623931,0.036733
1.740000,1.629414,0.035889
1.750000,1.634839,0.035060
1.760000,1.640208,0.034248
1.770000,1.645519,0.033451
1.780000,1.650773,0.032670
1.790000,1.655971,0.031904
1.800000,1.661111,0.031154
1.810000,1.666195,0.030418
1.820000,1.671222,0.029698
1.830000,1.676192,0.028992
1.840000,1.681106,0.028300
1.850000,1.685963,0.027622
1.860000,1.690764,0.026959
1.870000,1.695509,0.026309
1.880000,1.700198,0.025673
1.890000,1.704831,0.025050
1.900000,1.709409,0.024440
1.910000,1.713931,0.023843
1.920000,1.718398,0.023260
1.930000,1.722810,0.022688
1.940000,1.727168,0.022129
1.950000,1.731471,0.021582
1.960000,1.735720,0.021047
1.970000,1.739915,0.020524
1.980000,1.744057,0.020012
1.990000,1.748146,0.019512
2.000000,1.752181,0.019023
2.010000,1.756164,0.018544
2.020000,1.760095,0.018077
2.030000,1.763974,0.017620
2.040000,1.767801,0.017173
2.050000,1.771577,0.016737
2.060000,1.775302,0.016311
2.070000,1.778976,0.015894
2.080000,1.782601,0.015487
2.090000,1.786175,0.015090
2.100000,1.789701,0.014702
2.110000,1.793177,0.014323
2.120000,1.796605,0.013953
2.130000,1.799985,0.013591
2.140000,1.803317,0.013238
2.150000,1.806602,0.012894
2.160000,1.809840,0.012558
2.170000,1.813031,0.012229
2.180000,1.816176,0.011909
2.190000,1.819276,0.011597
2.200000,1.822331,0.011292
2.210000,1.825341,0.010994
2.220000,1.828306,0.010704
2.230000,1.831228,0.010421
2.240000,1.834106,0.010145
2.250000,1.836942,0.009875
2.260000,1.839735,0.009612
2.270000,1.842486,0.009356
2.280000,1.845195,0.009106
2.290000,1.847863,0.008863
2.300000,1.850490,0.008625
2.310000,1.853078,0.008394
2.320000,1.855625,0.008168
2.330000,1.858133,0.007948
2.340000,1.860602,0.007734
2.350000,1.863033,0.007525
2.360000,1.865426,0.007321
2.370000,1.867781,0.007123
2.380000,1.870100,0.006929
2.390000,1.872381,0.006741
2.400000,1.874627,0.006557
2.410000,1.876836,0.006379
2.420000,1.879011,0.006204
2.430000,1.881151,0.006035
2.440000,1.883256,0.005869
2.450000,1.885327,0.005708
2.460000,1.887365,0.005552
2.470000,1.889370,0.005399
2.480000,1.891342,0.005250
2.490000,1.893282,0.005106
2.500000,1.895190,0.004965
2.510000,1.897067,0.004828
2.520000,1.898913,0.004694
2.530000,1.900728,0.004564
2.540000,1.902513,0.004437
2.550000,1.904269,0.004314
2.560000,1.905995,0.004194
2.570000,1.907693,0.004078
2.580000,1.909362,0.003964
2.590000,1.911003,0.003853
2.600000,1.912617,0.003746
2.610000,1.914203,0.003641
2.620000,1.915762,0.003539
2.630000,1.917295,0.003440
2.640000,1.918802,0.003344
2.650000,1.920284,0.003250
2.660000,1.921739,0.003159
2.670000,1.923170,0.003070
2.680000,1.924577,0.002983
2.690000,1.925959,0.002899
2.700000,1.927318,0.002818
2.710000,1.928652,0.002738
2.720000,1.929964,0.002661
2.730000,1.931253,0.002586
2.740000,1.932520,0.002513
2.750000,1.933765,0.002441
2.760000,1.934988,0.002372
2.770000,1.936189,0.002305
2.780000,1.937370,0.002240
2.790000,1.938530,0.002176
2.800000,1.939669,0.002114
2.810000,1.940788,0.002054
2.820000,1.941888,0.001996
2.830000,1.942968,0.001939
2.840000,1.944029,0.001883
2.850000,1.945071,0.001830
2.860000,1.946095,0.001778
2.870000,1.947100,0.001727
2.880000,1.948088,0.001677
2.890000,1.949058,0.001629
2.900000,1.950011,0.001583
2.910000,1.950946,0.001538
2.920000,1.951865,0.001494
2.930000,1.952767,0.001451
2.940000,1.953653,0.001409
2.950000,1.954523,0.001369
2.960000,1.955378,0.001329
2.970000,1.956217,0.001291
2.980000,1.957040,0.001254
2.990000,1.957849,0.001218
3.000000,1.958643,0.001183
3.010000,1.959423,0.001149
3.020000,1.960189,0.001116
3.030000,1.960940,0.001084
3.040000,1.961678,0.001052
3.050000,1.962403,0.001022
3.060000,1.963114,0.000993
3.070000,1.963812,0.000964
3.080000,1.964498,0.000936
3.090000,1.965171,0.000909
3.100000,1.965831,0.000883
3.110000,1.966479,0.000857
3.120000,1.967116,0.000832
3.130000,1.967741,0.000808
3.140000,1.968354,0.000785
3.150000,1.968956,0.000762
3.160000,1.969546,0.000740
3.170000,1.970126,0.000719
3.180000,1.970695,0.000698
3.190000,1.971254,0.000678
3.200000,1.971802,0.000658
3.210000,1.972340,0.000639
3.220000,1.972868,0.000620
3.230000,1.973386,0.000602
3.240000,1.973895,0.000585
3.250000,1.974394,0.000568
3.260000,1.974884,0.000551
3.270000,1.975364,0.000535
3.280000,1.975836,0.000520
3.290000,1.976299,0.000505
3.300000,1.976753,0.000490
3.310000,1.977199,0.000476
3.320000,1.977636,0.000462
3.330000,1.978065,0.000448
3.340000,1.978486,0.000435
3.350000,1.978899,0.000423
3.360000,1.979305,0.000410
3.370000,1.979703,0.000398
3.380000,1.980093,0.000387
3.390000,1.980476,0.000375
3.400000,1.980851,0.000364
3.410000,1.981220,0.000354
3.420000,1.981582,0.000343
3.430000,1.981936,0.000333
3.440000,1.982285,0.000324
3.450000,1.982626,0.000314
3.460000,1.982961,0.000305
3.470000,1.983290,0.000296
3.480000,1.983612,0.000287
3.490000,1.983929,0.000279
3.500000,1.984239,0.000271
3.510000,1.984543,0.000263
3.520000,1.984842,0.000255
3.530000,1.985135,0.000248
3.540000,1.985423,0.000240
3.550000,1.985705,0.000233
3.560000,1.985981,0.000227
3.570000,1.986252,0.000220
3.580000,1.986519,0.000214
3.590000,1.986780,0.000207
3.600000,1.987036,0.000201
3.610000,1.987287,0.000195
3.620000,1.987533,0.000190
3.630000,1.987775,0.000184
3.640000,1.988012,0.000179
3.650000,1.988245,0.000173
3.660000,1.988473,0.000168
3.670000,1.988696,0.000163
3.680000,1.988916,0.000159
3.690000,1.989131,0.000154
3.700000,1.989342,0.000149
3.710000,1.989549,0.000145
3.720000,1.989752,0.000141
3.730000,1.989952,0.000137
3.740000,1.990147,0.000133
3.750000,1.990339,0.000129
3.760000,1.990526,0.000125
3.770000,1.990711,0.000121
3.780000,1.990892,0.000118
3.790000,1.991069,0.000114
3.800000,1.991243,0.000111
3.810000,1.991413,0.000108
3.820000,1.991580,0.000104
3.830000,1.991744,0.000101
3.840000,1.991905,0.000098
3.850000,1.992063,0.000096
3.860000,1.992218,0.000093
3.870000,1.992370,0.000090
3.880000,1.992518,0.000087
3.890000,1.992664,0.000085
3.900000,1.992807,0.000082
3.910000,1.992948,0.000080
3.920000,1.993085,0.000077
3.930000,1.993220,0.000075
3.940000,1.993353,0.000073
3.950000,1.993482,0.000071
3.960000,1.993610,0.000069
3.970000,1.993734,0.000067
3.980000,1.993857,0.000065
3.990000,1.993977,0.000063
4.000000,1.994095,0.000061
4.010000,1.994210,0.000059
4.020000,1.994323,0.000057
4.030000,1.994434,0.000056
4.040000,1.994543,0.000054
4.050000,1.994650,0.000053
4.060000,1.994754,0.000051
4.070000,1.994857,0.000049
4.080000,1.994958,0.000048
4.090000,1.995056,0.000047
4.100000,1.995153,0.000045
4.110000,1.995248,0.000044
4.120000,1.995341,0.000043
4.130000,1.995432,0.000041
4.140000,1.995522,0.000040
4.150000,1.995609,0.000039
4.160000,1.995695,0.000038
4.170000,1.995780,0.000037
4.180000,1.995862,0.000036
4.190000,1.995943,0.000035
4.200000,1.996023,0.000034
4.210000,1.996101,0.000033
4.220000,1.996177,0.000032
4.230000,1.996252,0.000031
4.240000,1.996326,0.000030
4.250000,1.996398,0.000029
4.260000,1.996468,0.000028
4.270000,1.996538,0.000027
4.280000,1.996606,0.000026
4.290000,1.996672,0.000026
4.300000,1.996738,0.000025
4.310000,1.996802,0.000024
4.320000,1.996864,0.000023
4.330000,1.996926,0.000023
4.340000,1.996986,0.000022
4.350000,1.997045,0.000021
4.360000,1.997103,0.000021
4.370000,1.997160,0.000020
4.380000,1.997216,0.000020
4.390000,1.997271,0.000019
4.400000,1.997324,0.000018
4.410000,1.997377,0.000018
4.420000,1.997428,0.000017
4.430000,1.997479,0.000017
4.440000,1.997528,0.000016
4.450000,1.997577,0.000016
4.460000,1.997625,0.000015
4.470000,1.997671,0.000015
4.480000,1.997717,0.000015
4.490000,1.997762,0.000014
4.500000,1.997806,0.000014
4.510000,1.997849,0.000013
4.520000,1.997891,0.000013
4.530000,1.997933,0.000012
4.540000,1.997974,0.000012
4.550000,1.998013,0.000012
4.560000,1.998052,0.000011
4.570000,1.998091,0.000011
4.580000,1.998128,0.000011
4.590000,1.998165,0.000010
4.600000,1.998201,0.000010
4.610000,1.998237,0.000010
4.620000,1.998271,0.000010
4.630000,1.998305,0.000009
4.640000,1.998339,0.000009
4.650000,1.998371,0.000009
4.660000,1.998403,0.000008
4.670000,1.998435,0.000008
4.680000,1.998466,0.000008
4.690000,1.998496,0.000008
4.700000,1.998526,0.000008
4.710000,1.998555,0.000007
4.720000,1.998583,0.000007
4.730000,1.998611,0.000007
4.740000,1.998638,0.000007
4.750000,1.998665,0.000006
4.760000,1.998691,0.000006
4.770000,1.998717,0.000006
4.780000,1.998742,0.000006
4.790000,1.998767,0.000006
4.800000,1.998791,0.000006
4.810000,1.998815,0.000005
4.820000,1.998839,0.000005
4.830000,1.998862,0.000005
4.840000,1.998884,0.000005
4.850000,1.998906,0.000005
4.860000,1.998928,0.000005
4.870000,1.998949,0.000005
4.880000,1.998969,0.000004
4.890000,1.998990,0.000004
4.900000,1.999010,0.000004
4.910000,1.999029,0.000004
4.920000,1.999048,0.000004
4.930000,1.999067,0.000004
4.940000,1.999085,0.000004
4.950000,1.999103,0.000004
4.960000,1.999121,0.000003
4.970000,1.999138,0.000003
4.980000,1.999155,0.000003
4.990000,1.999172,0.000003
5.000000,1.999188,0.000003
5.010000,1.999204,0.000003
5.020000,1.999220,0.000003
5.030000,1.999236,0.000003
5.040000,1.999251,0.000003
5.050000,1.999265,0.000003
5.060000,1.999280,0.000003
5.070000,1.999294,0.000002
5.080000,1.999308,0.000002
5.090000,1.999322,0.000002
5.100000,1.999335,0.000002
5.110000,1.999348,0.000002
5.120000,1.999361,0.000002
5.130000,1.999374,0.000002
5.140000,1.999386,0.000002
5.150000,1.999398,0.000002
5.160000,1.999410,0.000002
5.170000,1.999422,0.000002
5.180000,1.999433,0.000002
5.190000,1.999444,0.000002
5.200000,1.999455,0.000002
5.210000,1.999466,0.000002
5.220000,1.999476,0.000002
5.230000,1.999487,0.000002
5.240000,1.999497,0.000001
5.250000,1.999507,0.000001
5.260000,1.999517,0.000001
5.270000,1.999526,0.000001
5.280000,1.999536,0.000001
5.290000,1.999545,0.000001
5.300000,1.999554,0.000001
5.310000,1.999562,0.000001
5.320000,1.999571,0.000001
5.330000,1.999580,0.000001
5.340000,1.999588,0.000001
5.350000,1.999596,0.000001
5.360000,1.999604,0.000001
5.370000,1.999612,0.000001
5.380000,1.999620,0.000001
5.390000,1.999627,0.000001
5.400000,1.999634,0.000001
5.410000,1.999642,0.000001
5.420000,1.999649,0.000001
5.430000,1.999656,0.000001
5.440000,1.999662,0.000001
5.450000,1.999669,0.000001
5.460000,1.999676,0.000001
5.470000,1.999682,0.000001
5.480000,1.999688,0.000001
5.490000,1.999694,0.000001
5.500000,1.999701,0.000001
5.510000,1.999706,0.000001
5.520000,1.999712,0.000001
5.530000,1.999718,0.000001
5.540000,1.999723,0.000001
5.550000,1.999729,0.000001
5.560000,1.999734,0.000001
5.570000,1.999740,0.000001
5.580000,1.999745,0.000001
5.590000,1.999750,0.000001
5.600000,1.999755,0.000001
5.610000,1.999760,0.000000
5.620000,1.999764,0.000000
5.630000,1.999769,0.000000
5.640000,1.999774,0.000000
5.650000,1.999778,0.000000
5.660000,1.999782,0.000000
5.670000,1.999787,0.000000
5.680000,1.999791,0.000000
5.690000,1.999795,0.000000
5.700000,1.999799,0.000000
5.710000,1.999803,0.000000
5.720000,1.999807,0.000000
5.730000,1.999811,0.000000
5.740000,1.999814,0.000000
5.750000,1.999818,0.000000
5.760000,1.999822,0.000000
5.770000,1.999825,0.000000
5.780000,1.999829,0.000000
5.790000,1.999832,0.000000
5.800000,1.999835,0.000000
5.810000,1.999839,0.000000
5.820000,1.999842,0.000000
5.830000,1.999845,0.000000
5.840000,1.999848,0.000000
5.850000,1.999851,0.000000
5.860000,1.999854,0.000000
5.870000,1.999857,0.000000
5.880000,1.999860,0.000000
5.890000,1.999863,0.000000
5.900000,1.999865,0.000000
5.910000,1.999868,0.000000
5.920000,1.999871,0.000000
5.930000,1.999873,0.000000
5.940000,1.999876,0.000000
5.950000,1.999878,0.000000
5.960000,1.999880,0.000000
5.970000,1.999883,0.000000
5.980000,1.999885,0.000000
5.990000,1.999887,0.000000
6.000000,1.999890,0.000000
6.010000,1.999892,0.000000
6.020000,1.999894,0.000000
6.030000,1.999896,0.000000
6.040000,1.999898,0.000000
6.050000,1.999900,0.000000
6.060000,1.999902,0.000000
6.070000,1.999904,0.000000
6.080000,1.999906,0.000000
6.090000,1.999908,0.000000
6.100000,1.999910,0.000000
6.110000,1.999911,0.000000
6.120000,1.999913,0.000000
6.130000,1.999915,0.000000
6.140000,1.999917,0.000000
6.150000,1.999918,0.000000
6.160000,1.999920,0.000000
6.170000,1.999921,0.000000
6.180000,1.999923,0.000000
6.190000,1.999924,0.000000
6.200000,1.999926,0.000000
6.210000,1.999927,0.000000
6.220000,1.999929,0.000000
6.230000,1.999930,0.000000
6.240000,1.999932,0.000000
6.250000,1.999933,0.000000
6.260000,1.999934,0.000000
6.270000,1.999936,0.000000
6.280000,1.999937,0.000000
6.290000,1.999938,0.000000
6.300000,1.999939,0.000000
6.310000,1.999941,0.000000
6.320000,1.999942,0.000000
6.330000,1.999943,0.000000
6.340000,1.999944,0.000000
6.350000,1.999945,0.000000
6.360000,1.999946,0.000000
6.370000,1.999947,0.000000
6.380000,1.999948,0.000000
6.390000,1.999949,0.000000
6.400000,1.999950,0.000000
6.410000,1.999951,0.000000
6.420000,1.999952,0.000000
6.430000,1.999953,0.000000
6.440000,1.999954,0.000000
6.450000,1.999955,0.000000
6.460000,1.999956,0.000000
6.470000,1.999957,0.000000
6.480000,1.999958,0.000000
6.490000,1.999959,0.000000
6.500000,1.999959,0.000000
6.510000,1.999960,0.000000
6.520000,1.999961,0.000000
6.530000,1.999962,0.000000
6.540000,1.999962,0.000000
6.550000,1.999963,0.000000
6.560000,1.999964,0.000000
6.570000,1.999965,0.000000
6.580000,1.999965,0.000000
6.590000,1.999966,0.000000
6.600000,1.999967,0.000000
6.610000,1.999967,0.000000
6.620000,1.999968,0.000000
6.630000,1.999969,0.000000
6.640000,1.999969,0.000000
6.650000,1.999970,0.000000
6.660000,1.999970,0.000000
6.670000,1.999971,0.000000
6.680000,1.999972,0.000000
6.690000,1.999972,0.000000
6.700000,1.999973,0.000000
6.710000,1.999973,0.000000
6.720000,1.999974,0.000000
6.730000,1.999974,0.000000
6.740000,1.999975,0.000000
6.750000,1.999975,0.000000
6.760000,1.999976,0.000000
6.770000,1.999976,0.000000
6.780000,1.999977,0.000000
6.790000,1.999977,0.000000
6.800000,1.999978,0.000000
6.810000,1.999978,0.000000
6.820000,1.999979,0.000000
6.830000,1.999979,0.000000
6.840000,1.999979,0.000000
6.850000,1.999980,0.000000
6.860000,1.999980,0.000000
6.870000,1.999981,0.000000
6.880000,1.999981,0.000000
6.890000,1.999981,0.000000
6.900000,1.999982,0.000000
6.910000,1.999982,0.000000
6.920000,1.999982,0.000000
6.930000,1.999983,0.000000
6.940000,1.999983,0.000000
6.950000,1.999983,0.000000
6.960000,1.999984,0.000000
6.970000,1.999984,0.000000
6.980000,1.999984,0.000000
6.990000,1.999985,0.000000
7.000000,1.999985,0.000000
7.010000,1.999985,0.000000
7.020000,1.999986,0.000000
7.030000,1.999986,0.000000
7.040000,1.999986,0.000000
7.050000,1.999986,0.000000
7.060000,1.999987,0.000000
7.070000,1.999987,0.000000
7.080000,1.999987,0.000000
7.090000,1.999988,0.000000
7.100000,1.999988,0.000000
7.110000,1.999988,0.000000
7.120000,1.999988,0.000000
7.130000,1.999988,0.000000
7.140000,1.999989,0.000000
7.150000,1.999989,0.000000
7.160000,1.999989,0.000000
7.170000,1.999989,0.000000
7.180000,1.999990,0.000000
7.190000,1.999990,0.000000
7.200000,1.999990,0.000000
7.210000,1.999990,0.000000
7.220000,1.999990,0.000000
7.230000,1.999991,0.000000
7.240000,1.999991,0.000000
7.250000,1.999991,0.000000
7.260000,1.999991,0.000000
7.270000,1.999991,0.000000
7.280000,1.999991,0.000000
7.290000,1.999992,0.000000
7.300000,1.999992,0.000000
7.310000,1.999992,0.000000
7.320000,1.999992,0.000000
7.330000,1.999992,0.000000
7.340000,1.999992,0.000000
7.350000,1.999993,0.000000
7.360000,1.999993,0.000000
7.370000,1.999993,0.000000
7.380000,1.999993,0.000000
7.390000,1.999993,0.000000
7.400000,1.999993,0.000000
7.410000,1.999993,0.000000
7.420000,1.999994,0.000000
7.430000,1.999994,0.000000
7.440000,1.999994,0.000000
7.450000,1.999994,0.000000
7.460000,1.999994,0.000000
7.470000,1.999994,0.000000
7.480000,1.999994,0.000000
7.490000,1.999994,0.000000
7.500000,1.999994,0.000000
7.510000,1.999995,0.000000
7.520000,1.999995,0.000000
7.530000,1.999995,0.000000
7.540000,1.999995,0.000000
7.550000,1.999995,0.000000
7.560000,1.999995,0.000000
7.570000,1.999995,0.000000
7.580000,1.999995,0.000000
7.590000,1.999995,0.000000
7.600000,1.999995,0.000000
7.610000,1.999996,0.000000
7.620000,1.999996,0.000000
7.630000,1.999996,0.000000
7.640000,1.999996,0.000000
7.650000,1.999996,0.000000
7.660000,1.999996,0.000000
7.670000,1.999996,0.000000
7.680000,1.999996,0.000000
7.690000,1.999996,0.000000
7.700000,1.999996,0.000000
7.710000,1.999996,0.000000
7.720000,1.999996,0.000000
7.730000,1.999997,0.000000
7.740000,1.999997,0.000000
7.750000,1.999997,0.000000
7.760000,1.999997,0.000000
7.770000,1.999997,0.000000
7.780000,1.999997,0.000000
7.790000,1.999997,0.000000
7.800000,1.999997,0.000000
7.810000,1.999997,0.000000
7.820000,1.999997,0.000000
7.830000,1.999997,0.000000
7.840000,1.999997,0.000000
7.850000,1.999997,0.000000
7.860000,1.999997,0.000000
7.870000,1.999997,0.000000
7.880000,1.999997,0.000000
7.890000,1.999997,0.000000
7.900000,1.999998,0.000000
7.910000,1.999998,0.000000
7.920000,1.999998,0.000000
7.930000,1.999998,0.000000
7.940000,1.999998,0.000000
7.950000,1.999998,0.000000
7.960000,1.999998,0.000000
7.970000,1.999998,0.000000
7.980000,1.999998,0.000000
7.990000,1.999998,0.000000
8.000000,1.999998,0.000000
8.010000,1.999998,0.000000
8.020000,1.999998,0.000000
8.030000,1.999998,0.000000
8.040000,1.999998,0.000000
8.050000,1.999998,0.000000
8.060000,1.999998,0.000000
8.070000,1.999998,0.000000
8.080000,1.999998,0.000000
8.090000,1.999998,0.000000
8.100000,1.999998,0.000000
8.110000,1.999998,0.000000
8.120000,1.999998,0.000000
8.130000,1.999998,0.000000
8.140000,1.999998,0.000000
8.150000,1.999998,0.000000
8.160000,1.999999,0.000000
8.170000,1.999999,0.000000
8.180000,1.999999,0.000000
8.190000,1.999999,0.000000
8.200000,1.999999,0.000000
8.210000,1.999999,0.000000
8.220000,1.999999,0.000000
8.230000,1.999999,0.000000
8.240000,1.999999,0.000000
8.250000,1.999999,0.000000
8.260000,1.999999,0.000000
8.270000,1.999999,0.000000
8.280000,1.999999,0.000000
8.290000,1.999999,0.000000
8.300000,1.999999,0.000000
8.310000,1.999999,0.000000
8.320000,1.999999,0.000000
8.330000,1.999999,0.000000
8.340000,1.999999,0.000000
8.350000,1.999999,0.000000
8.360000,1.999999,0.000000
8.370000,1.999999,0.000000
8.380000,1.999999,0.000000
8.390000,1.999999,0.000000
8.400000,1.999999,0.000000
8.410000,1.999999,0.000000
8.420000,1.999999,0.000000
8.430000,1.999999,0.000000
8.440000,1.999999,0.000000
8.450000,1.999999,0.000000
8.460000,1.999999,0.000000
8.470000,1.999999,0.000000
8.480000,1.999999,0.000000
8.490000,1.999999,0.000000
8.500000,1.999999,0.000000
8.510000,1.999999,0.000000
8.520000,1.999999,0.000000
8.530000,1.999999,0.000000
8.540000,1.999999,0.000000
8.550000,1.999999,0.000000
8.560000,1.999999,0.000000
8.570000,1.999999,0.000000
8.580000,1.999999,0.000000
8.590000,1.999999,0.000000
8.600000,1.999999,0.000000
8.610000,1.999999,0.000000
8.620000,1.999999,0.000000
8.630000,1.999999,0.000000
8.640000,1.999999,0.000000
8.650000,1.999999,0.000000
8.660000,1.999999,0.000000
8.670000,1.999999,0.000000
8.680000,1.999999,0.000000
8.690000,1.999999,0.000000
8.700000,2.000000,0.000000
8.710000,2.000000,0.000000
8.720000,2.000000,0.000000
8.730000,2.000000,0.000000
8.740000,2.000000,0.000000
8.750000,2.000000,0.000000
8.760000,2.000000,0.000000
8.770000,2.000000,0.000000
8.780000,2.000000,0.000000
8.790000,2.000000,0.000000
8.800000,2.000000,0.000000
8.810000,2.000000,0.000000
8.820000,2.000000,0.000000
8.830000,2.000000,0.000000
8.840000,2.000000,0.000000
8.850000,2.000000,0.000000
8.860000,2.000000,0.000000
8.870000,2.000000,0.000000
8.880000,2.000000,0.000000
8.890000,2.000000,0.000000
8.900000,2.000000,0.000000
8.910000,2.000000,0.000000
8.920000,2.000000,0.000000
8.930000,2.000000,0.000000
8.940000,2.000000,0.000000
8.950000,2.000000,0.000000
8.960000,2.000000,0.000000
8.970000,2.000000,0.000000
8.980000,2.000000,0.000000
8.990000,2.000000,0.000000
9.000000,2.000000,0.000000
9.010000,2.000000,0.000000
9.020000,2.000000,0.000000
9.030000,2.000000,0.000000
9.040000,2.000000,0.000000
9.050000,2.000000,0.000000
9.060000,2.000000,0.000000
9.070000,2.000000,0.000000
9.080000,2.000000,0.000000
9.090000,2.000000,0.000000
9.100000,2.000000,0.000000
9.110000,2.000000,0.000000
9.120000,2.000000,0.000000
9.130000,2.000000,0.000000
9.140000,2.000000,0.000000
9.150000,2.000000,0.000000
9.160000,2.000000,0.000000
9.170000,2.000000,0.000000
9.180000,2.000000,0.000000
9.190000,2.000000,0.000000
9.200000,2.000000,0.000000
9.210000,2.000000,0.000000
9.220000,2.000000,0.000000
9.230000,2.000000,0.000000
9.240000,2.000000,0.000000
9.250000,2.000000,0.000000
9.260000,2.000000,0.000000
9.270000,2.000000,0.000000
9.280000,2.000000,0.000000
9.290000,2.000000,0.000000
9.300000,2.000000,0.000000
9.310000,2.000000,0.000000
9.320000,2.000000,0.000000
9.330000,2.000000,0.000000
9.340000,2.000000,0.000000
9.350000,2.000000,0.000000
9.360000,2.000000,0.000000
9.370000,2.000000,0.000000
9.380000,2.000000,0.000000
9.390000,2.000000,0.000000
9.400000,2.000000,0.000000
9.410000,2.000000,0.000000
9.420000,2.000000,0.000000
9.430000,2.000000,0.000000
9.440000,2.000000,0.000000
9.450000,2.000000,0.000000
9.460000,2.000000,0.000000
9.470000,2.000000,0.000000
9.480000,2.000000,0.000000
9.490000,2.000000,0.000000
9.500000,2.000000,0.000000
9.510000,2.000000,0.000000
9.520000,2.000000,0.000000
9.530000,2.000000,0.000000
9.540000,2.000000,0.000000
9.550000,2.000000,0.000000
9.560000,2.000000,0.000000
9.570000,2.000000,0.000000
9.580000,2.000000,0.000000
9.590000,2.000000,0.000000
9.600000,2.000000,0.000000
9.610000,2.000000,0.000000
9.620000,2.000000,0.000000
9.630000,2.000000,0.000000
9.640000,2.000000,0.000000
9.650000,2.000000,0.000000
9.660000,2.000000,0.000000
9.670000,2.000000,0.000000
9.680000,2.000000,0.000000
9.690000,2.000000,0.000000
9.700000,2.000000,0.000000
9.710000,2.000000,0.000000
9.720000,2.000000,0.000000
9.730000,2.000000,0.000000
9.740000,2.000000,0.000000
9.750000,2.000000,0.000000
9.760000,2.000000,0.000000
9.770000,2.000000,0.000000
9.780000,2.000000,0.000000
9.790000,2.000000,0.000000
9.800000,2.000000,0.000000
9.810000,2.000000,0.000000
9.820000,2.000000,0.000000
9.830000,2.000000,0.000000
9.840000,2.000000,0.000000
9.850000,2.000000,0.000000
9.860000,2.000000,0.000000
9.870000,2.000000,0.000000
9.880000,2.000000,0.000000
9.890000,2.000000,0.000000
9.900000,2.000000,0.000000
9.910000,2.000000,0.000000
9.920000,2.000000,0.000000
9.930000,2.000000,0.000000
9.940000,2.000000,0.000000
9.950000,2.000000,0.000000
9.960000,2.000000,0.000000
9.970000,2.000000,0.000000
9.980000,2.000000,0.000000
9.990000,2.000000,0.000000
