0.000000,0.400000,0.400000
0.010000,0.399183,0.404821
0.020000,0.398333,0.409683
0.030000,0.397449,0.414587
0.040000,0.396532,0.419533
0.050000,0.395581,0.424521
0.060000,0.394597,0.429550
0.070000,0.393579,0.434622
0.080000,0.392529,0.439736
0.090000,0.391444,0.444891
0.100000,0.390327,0.450089
0.110000,0.389177,0.455329
0.120000,0.387994,0.460611
0.130000,0.386778,0.465936
0.140000,0.385529,0.471302
0.150000,0.384248,0.476711
0.160000,0.382935,0.482162
0.170000,0.381589,0.487655
0.180000,0.380211,0.493190
0.190000,0.378802,0.498767
0.200000,0.377361,0.504386
0.210000,0.375888,0.510047
0.220000,0.374384,0.515750
0.230000,0.372849,0.521495
0.240000,0.371284,0.527281
0.250000,0.369687,0.533110
0.260000,0.368061,0.538979
0.270000,0.366405,0.544891
0.280000,0.364718,0.550844
0.290000,0.363003,0.556837
0.300000,0.361258,0.562873
0.310000,0.359484,0.568949
0.320000,0.357682,0.575065
0.330000,0.355852,0.581223
0.340000,0.353994,0.587421
0.350000,0.352108,0.593659
0.360000,0.350196,0.599937
0.370000,0.348256,0.606256
0.380000,0.346290,0.612614
0.390000,0.344298,0.619011
0.400000,0.342281,0.625448
0.410000,0.340238,0.631923
0.420000,0.338171,0.638437
0.430000,0.336079,0.644990
0.440000,0.333963,0.651581
0.450000,0.331824,0.658210
0.460000,0.329661,0.664876
0.470000,0.327476,0.671579
0.480000,0.325269,0.678320
0.490000,0.323041,0.685097
0.500000,0.320791,0.691910
0.510000,0.318520,0.698759
0.520000,0.316230,0.705643
0.530000,0.313919,0.712562
0.540000,0.311590,0.719516
0.550000,0.309242,0.726504
0.560000,0.306876,0.733526
0.570000,0.304492,0.740582
0.580000,0.302092,0.747670
0.590000,0.299675,0.754791
0.600000,0.297242,0.761943
0.610000,0.294794,0.769127
0.620000,0.292331,0.776342
0.630000,0.289854,0.783587
0.640000,0.287363,0.790862
0.650000,0.284859,0.798167
0.660000,0.282343,0.805500
0.670000,0.279815,0.812861
0.680000,0.277275,0.820250
0.690000,0.274726,0.827666
0.700000,0.272166,0.835108
0.710000,0.269596,0.842576
0.720000,0.267018,0.850069
0.730000,0.264431,0.857586
0.740000,0.261837,0.865127
0.750000,0.259236,0.872691
0.760000,0.256629,0.880278
0.770000,0.254016,0.887886
0.780000,0.251398,0.895515
0.790000,0.248775,0.903165
0.800000,0.246148,0.910833
0.810000,0.243518,0.918521
0.820000,0.240886,0.926227
0.830000,0.238251,0.933949
0.840000,0.235615,0.941689
0.850000,0.232978,0.949444
0.860000,0.230341,0.957213
0.870000,0.227705,0.964997
0.880000,0.225069,0.972794
0.890000,0.222435,0.980603
0.900000,0.219804,0.988423
0.910000,0.217175,0.996254
0.920000,0.214550,1.004095
0.930000,0.211928,1.011945
0.940000,0.209312,1.019803
0.950000,0.206700,1.027668
0.960000,0.204095,1.035539
0.970000,0.201495,1.043415
0.980000,0.198903,1.051296
0.990000,0.196318,1.059180
1.000000,0.193741,1.067067
1.010000,0.191173,1.074955
1.020000,0.188614,1.082844
1.030000,0.186064,1.090733
1.040000,0.183525,1.098620
1.050000,0.180996,1.106506
1.060000,0.178479,1.114388
1.070000,0.175973,1.122266
1.080000,0.173479,1.130139
1.090000,0.170998,1.138006
1.100000,0.168530,1.145866
1.110000,0.166076,1.153718
1.120000,0.163636,1.161561
1.130000,0.161211,1.169394
1.140000,0.158800,1.177216
1.150000,0.156405,1.185027
1.160000,0.154025,1.192824
1.170000,0.151662,1.200608
1.180000,0.149315,1.208378
1.190000,0.146985,1.216131
1.200000,0.144672,1.223868
1.210000,0.142377,1.231588
1.220000,0.140100,1.239288
1.230000,0.137842,1.246970
1.240000,0.135602,1.254631
1.250000,0.133381,1.262270
1.260000,0.131179,1.269888
1.270000,0.128997,1.277482
1.280000,0.126834,1.285052
1.290000,0.124692,1.292597
1.300000,0.122570,1.300116
1.310000,0.120468,1.307608
1.320000,0.118388,1.315073
1.330000,0.116328,1.322509
1.340000,0.114290,1.329916
1.350000,0.112273,1.337292
1.360000,0.110277,1.344638
1.370000,0.108304,1.351951
1.380000,0.106352,1.359232
1.390000,0.104422,1.366479
1.400000,0.102514,1.373692
1.410000,0.100629,1.380870
1.420000,0.098766,1.388012
1.430000,0.096925,1.395117
1.440000,0.095108,1.402185
1.450000,0.093312,1.409215
1.460000,0.091540,1.416206
1.470000,0.089790,1.423158
1.480000,0.088062,1.430070
1.490000,0.086358,1.436940
1.500000,0.084677,1.443770
1.510000,0.083018,1.450557
1.520000,0.081382,1.457301
1.530000,0.079769,1.464003
1.540000,0.078179,1.470660
1.550000,0.076611,1.477273
1.560000,0.075066,1.483841
1.570000,0.073544,1.490363
1.580000,0.072044,1.496840
1.590000,0.070567,1.503270
1.600000,0.069113,1.509653
1.610000,0.067680,1.515989
1.620000,0.066270,1.522276
1.630000,0.064882,1.528516
1.640000,0.063516,1.534707
1.650000,0.062173,1.540848
1.660000,0.060850,1.546941
1.670000,0.059550,1.552983
1.680000,0.058271,1.558976
1.690000,0.057013,1.564918
1.700000,0.055777,1.570809
1.710000,0.054562,1.576649
1.720000,0.053368,1.582439
1.730000,0.052194,1.588176
1.740000,0.051041,1.593862
1.750000,0.049908,1.599496
1.760000,0.048796,1.605078
1.770000,0.047704,1.610608
1.780000,0.046631,1.616085
1.790000,0.045578,1.621510
1.800000,0.044545,1.626882
1.810000,0.043530,1.632201
1.820000,0.042535,1.637468
1.830000,0.041558,1.642682
1.840000,0.040601,1.647842
1.850000,0.039661,1.652950
1.860000,0.038740,1.658005
1.870000,0.037836,1.663007
1.880000,0.036951,1.667955
1.890000,0.036083,1.672851
1.900000,0.035232,1.677694
1.910000,0.034398,1.682484
1.920000,0.033581,1.687221
1.930000,0.032780,1.691906
1.940000,0.031996,1.696538
1.950000,0.031228,1.701118
1.960000,0.030476,1.705645
1.970000,0.029740,1.710120
1.980000,0.029019,1.714543
1.990000,0.028313,1.718914
2.000000,0.027622,1.723233
2.010000,0.026946,1.727501
2.020000,0.026284,1.731718
2.030000,0.025637,1.735883
2.040000,0.025003,1.739998
2.050000,0.024384,1.744062
2.060000,0.023778,1.748075
2.070000,0.023185,1.752039
2.080000,0.022606,1.755952
2.090000,0.022039,1.759816
2.100000,0.021485,1.763631
2.110000,0.020944,1.767396
2.120000,0.020415,1.771113
2.130000,0.019897,1.774781
2.140000,0.019392,1.778402
2.150000,0.018898,1.781974
2.160000,0.018415,1.785499
2.170000,0.017944,1.788977
2.180000,0.017484,1.792408
2.190000,0.017034,1.795793
2.200000,0.016595,1.799131
2.210000,0.016166,1.802424
2.220000,0.015747,1.805671
2.230000,0.015338,1.808874
2.240000,0.014939,1.812031
2.250000,0.014550,1.815145
2.260000,0.014170,1.818214
2.270000,0.013798,1.821241
2.280000,0.013436,1.824224
2.290000,0.013083,1.827164
2.300000,0.012738,1.830062
2.310000,0.012402,1.832918
2.320000,0.012074,1.835733
2.330000,0.011754,1.838507
2.340000,0.011442,1.841239
2.350000,0.011137,1.843932
2.360000,0.010840,1.846585
2.370000,0.010551,1.849198
2.380000,0.010269,1.851772
2.390000,0.009993,1.854308
2.400000,0.009725,1.856806
2.410000,0.009463,1.859265
2.420000,0.009209,1.861687
2.430000,0.008960,1.864073
2.440000,0.008718,1.866421
2.450000,0.008482,1.868734
2.460000,0.008252,1.871011
2.470000,0.008028,1.873253
2.480000,0.007810,1.875459
2.490000,0.007597,1.877631
2.500000,0.007390,1.879770
2.510000,0.007188,1.881874
2.520000,0.006991,1.883946
2.530000,0.006800,1.885984
2.540000,0.006613,1.887990
2.550000,0.006432,1.889964
2.560000,0.006255,1.891907
2.570000,0.006083,1.893818
2.580000,0.005915,1.895699
2.590000,0.005752,1.897549
2.600000,0.005593,1.899369
2.610000,0.005438,1.901159
2.620000,0.005287,1.902921
2.630000,0.005141,1.904653
2.640000,0.004998,1.906357
2.650000,0.004859,1.908034
2.660000,0.004724,1.909682
2.670000,0.004592,1.911303
2.680000,0.004464,1.912897
2.690000,0.004339,1.914465
2.700000,0.004218,1.916007
2.710000,0.004100,1.917522
2.720000,0.003985,1.919013
2.730000,0.003873,1.920478
2.740000,0.003765,1.921919
2.750000,0.003659,1.923335
2.760000,0.003556,1.924727
2.770000,0.003456,1.926096
2.780000,0.003359,1.927442
2.790000,0.003264,1.928764
2.800000,0.003172,1.930064
2.810000,0.003082,1.931342
2.820000,0.002995,1.932597
2.830000,0.002910,1.933831
2.840000,0.002828,1.935044
2.850000,0.002748,1.936236
2.860000,0.002670,1.937407
2.870000,0.002594,1.938558
2.880000,0.002520,1.939689
2.890000,0.002449,1.940801
2.900000,0.002379,1.941892
2.910000,0.002311,1.942965
2.920000,0.002246,1.944019
2.930000,0.002182,1.945055
2.940000,0.002119,1.946072
2.950000,0.002059,1.947071
2.960000,0.002000,1.948053
2.970000,0.001943,1.949018
2.980000,0.001887,1.949965
2.990000,0.001833,1.950896
3.000000,0.001781,1.951810
3.010000,0.001730,1.952708
3.020000,0.001680,1.953589
3.030000,0.001632,1.954456
3.040000,0.001585,1.955306
3.050000,0.001540,1.956142
3.060000,0.001495,1.956962
3.070000,0.001452,1.957768
3.080000,0.001411,1.958559
3.090000,0.001370,1.959336
3.100000,0.001331,1.960099
3.110000,0.001292,1.960848
3.120000,0.001255,1.961584
3.130000,0.001219,1.962306
3.140000,0.001184,1.963016
3.150000,0.001150,1.963712
3.160000,0.001116,1.964396
3.170000,0.001084,1.965067
3.180000,0.001053,1.965726
3.190000,0.001022,1.966373
3.200000,0.000993,1.967009
3.210000,0.000964,1.967632
3.220000,0.000936,1.968245
3.230000,0.000909,1.968846
3.240000,0.000883,1.969436
3.250000,0.000857,1.970015
3.260000,0.000832,1.970584
3.270000,0.000808,1.971142
3.280000,0.000785,1.971690
3.290000,0.000762,1.972227
3.300000,0.000740,1.972755
3.310000,0.000718,1.973273
3.320000,0.000697,1.973782
3.330000,0.000677,1.974281
3.340000,0.000658,1.974771
3.350000,0.000638,1.975252
3.360000,0.000620,1.975723
3.370000,0.000602,1.976186
3.380000,0.000584,1.976641
3.390000,0.000567,1.977087
3.400000,0.000551,1.977525
3.410000,0.000535,1.977954
3.420000,0.000519,1.978376
3.430000,0.000504,1.978789
3.440000,0.000489,1.979195
3.450000,0.000475,1.979594
3.460000,0.000461,1.979985
3.470000,0.000448,1.980368
3.480000,0.000435,1.980745
3.490000,0.000422,1.981114
3.500000,0.000410,1.981476
3.510000,0.000398,1.981832
3.520000,0.000386,1.982181
3.530000,0.000375,1.982523
3.540000,0.000364,1.982859
3.550000,0.000353,1.983188
3.560000,0.000343,1.983512
3.570000,0.000333,1.983829
3.580000,0.000323,1.984140
3.590000,0.000314,1.984446
3.600000,0.000304,1.984745
3.610000,0.000296,1.985039
3.620000,0.000287,1.985328
3.630000,0.000279,1.985611
3.640000,0.000270,1.985888
3.650000,0.000262,1.986160
3.660000,0.000255,1.986428
3.670000,0.000247,1.986690
3.680000,0.000240,1.986947
3.690000,0.000233,1.987199
3.700000,0.000226,1.987446
3.710000,0.000220,1.987689
3.720000,0.000213,1.987927
3.730000,0.000207,1.988161
3.740000,0.000201,1.988390
3.750000,0.000195,1.988614
3.760000,0.000189,1.988835
3.770000,0.000184,1.989051
3.780000,0.000178,1.989263
3.790000,0.000173,1.989471
3.800000,0.000168,1.989675
3.810000,0.000163,1.989875
3.820000,0.000158,1.990072
3.830000,0.000154,1.990264
3.840000,0.000149,1.990453
3.850000,0.000145,1.990638
3.860000,0.000140,1.990820
3.870000,0.000136,1.990998
3.880000,0.000132,1.991173
3.890000,0.000128,1.991345
3.900000,0.000125,1.991513
3.910000,0.000121,1.991678
3.920000,0.000117,1.991840
3.930000,0.000114,1.991998
3.940000,0.000111,1.992154
3.950000,0.000107,1.992307
3.960000,0.000104,1.992456
3.970000,0.000101,1.992603
3.980000,0.000098,1.992747
3.990000,0.000095,1.992888
4.000000,0.000092,1.993027
4.010000,0.000090,1.993163
4.020000,0.000087,1.993296
4.030000,0.000085,1.993426
4.040000,0.000082,1.993555
4.050000,0.000080,1.993680
4.060000,0.000077,1.993803
4.070000,0.000075,1.993924
4.080000,0.000073,1.994043
4.090000,0.000071,1.994159
4.100000,0.000069,1.994273
4.110000,0.000067,1.994385
4.120000,0.000065,1.994494
4.130000,0.000063,1.994602
4.140000,0.000061,1.994707
4.150000,0.000059,1.994811
4.160000,0.000057,1.994912
4.170000,0.000056,1.995011
4.180000,0.000054,1.995109
4.190000,0.000052,1.995204
4.200000,0.000051,1.995298
4.210000,0.000049,1.995390
4.220000,0.000048,1.995480
4.230000,0.000046,1.995568
4.240000,0.000045,1.995655
4.250000,0.000044,1.995740
4.260000,0.000042,1.995823
4.270000,0.000041,1.995905
4.280000,0.000040,1.995985
4.290000,0.000039,1.996064
4.300000,0.000038,1.996141
4.310000,0.000037,1.996216
4.320000,0.000036,1.996291
4.330000,0.000034,1.996363
4.340000,0.000033,1.996434
4.350000,0.000032,1.996504
4.360000,0.000032,1.996573
4.370000,0.000031,1.996640
4.380000,0.000030,1.996706
4.390000,0.000029,1.996770
4.400000,0.000028,1.996834
4.410000,0.000027,1.996896
4.420000,0.000026,1.996956
4.430000,0.000026,1.997016
4.440000,0.000025,1.997075
4.450000,0.000024,1.997132
4.460000,0.000023,1.997188
4.470000,0.000023,1.997243
4.480000,0.000022,1.997297
4.490000,0.000021,1.997350
4.500000,0.000021,1.997402
4.510000,0.000020,1.997453
4.520000,0.000020,1.997503
4.530000,0.000019,1.997552
4.540000,0.000018,1.997600
4.550000,0.000018,1.997648
4.560000,0.000017,1.997694
4.570000,0.000017,1.997739
4.580000,0.000016,1.997783
4.590000,0.000016,1.997827
4.600000,0.000015,1.997870
4.610000,0.000015,1.997911
4.620000,0.000014,1.997952
4.630000,0.000014,1.997993
4.640000,0.000014,1.998032
4.650000,0.000013,1.998071
4.660000,0.000013,1.998109
4.670000,0.000012,1.998146
4.680000,0.000012,1.998182
4.690000,0.000012,1.998218
4.700000,0.000011,1.998253
4.710000,0.000011,1.998287
4.720000,0.000011,1.998321
4.730000,0.000010,1.998354
4.740000,0.000010,1.998386
4.750000,0.000010,1.998418
4.760000,0.000010,1.998449
4.770000,0.000009,1.998480
4.780000,0.000009,1.998510
4.790000,0.000009,1.998539
4.800000,0.000008,1.998568
4.810000,0.000008,1.998596
4.820000,0.000008,1.998624
4.830000,0.000008,1.998651
4.840000,0.000007,1.998677
4.850000,0.000007,1.998703
4.860000,0.000007,1.998729
4.870000,0.000007,1.998754
4.880000,0.000007,1.998778
4.890000,0.000006,1.998802
4.900000,0.000006,1.998826
4.910000,0.000006,1.998849
4.920000,0.000006,1.998872
4.930000,0.000006,1.998894
4.940000,0.000006,1.998916
4.950000,0.000005,1.998937
4.960000,0.000005,1.998958
4.970000,0.000005,1.998979
4.980000,0.000005,1.998999
4.990000,0.000005,1.999018
5.000000,0.000005,1.999038
5.010000,0.000004,1.999057
5.020000,0.000004,1.999075
5.030000,0.000004,1.999093
5.040000,0.000004,1.999111
5.050000,0.000004,1.999129
5.060000,0.000004,1.999146
5.070000,0.000004,1.999163
5.080000,0.000004,1.999179
5.090000,0.000004,1.999196
5.100000,0.000003,1.999211
5.110000,0.000003,1.999227
5.120000,0.000003,1.999242
5.130000,0.000003,1.999257
5.140000,0.000003,1.999272
5.150000,0.000003,1.999286
5.160000,0.000003,1.999300
5.170000,0.000003,1.999314
5.180000,0.000003,1.999328
5.190000,0.000003,1.999341
5.200000,0.000003,1.999354
5.210000,0.000002,1.999367
5.220000,0.000002,1.999379
5.230000,0.000002,1.999391
5.240000,0.000002,1.999403
5.250000,0.000002,1.999415
5.260000,0.000002,1.999427
5.270000,0.000002,1.999438
5.280000,0.000002,1.999449
5.290000,0.000002,1.999460
5.300000,0.000002,1.999470
5.310000,0.000002,1.999481
5.320000,0.000002,1.999491
5.330000,0.000002,1.999501
5.340000,0.000002,1.999511
5.350000,0.000002,1.999521
5.360000,0.000002,1.999530
5.370000,0.000002,1.999539
5.380000,0.000001,1.999549
5.390000,0.000001,1.999557
5.400000,0.000001,1.999566
5.410000,0.000001,1.999575
5.420000,0.000001,1.999583
5.430000,0.000001,1.999591
5.440000,0.000001,1.999599
5.450000,0.000001,1.999607
5.460000,0.000001,1.999615
5.470000,0.000001,1.999623
5.480000,0.000001,1.999630
5.490000,0.000001,1.999637
5.500000,0.000001,1.999645
5.510000,0.000001,1.999652
5.520000,0.000001,1.999658
5.530000,0.000001,1.999665
5.540000,0.000001,1.999672
5.550000,0.000001,1.999678
5.560000,0.000001,1.999685
5.570000,0.000001,1.999691
5.580000,0.000001,1.999697
5.590000,0.000001,1.999703
5.600000,0.000001,1.999709
5.610000,0.000001,1.999715
5.620000,0.000001,1.999720
5.630000,0.000001,1.999726
5.640000,0.000001,1.999731
5.650000,0.000001,1.999736
5.660000,0.000001,1.999742
5.670000,0.000001,1.999747
5.680000,0.000001,1.999752
5.690000,0.000001,1.999757
5.700000,0.000001,1.999762
5.710000,0.000001,1.999766
5.720000,0.000001,1.999771
5.730000,0.000001,1.999775
5.740000,0.000001,1.999780
5.750000,0.000000,1.999784
5.760000,0.000000,1.999788
5.770000,0.000000,1.999793
5.780000,0.000000,1.999797
5.790000,0.000000,1.999801
5.800000,0.000000,1.999805
5.810000,0.000000,1.999809
5.820000,0.000000,1.999812
5.830000,0.000000,1.999816
5.840000,0.000000,1.999820
5.850000,0.000000,1.999823
5.860000,0.000000,1.999827
5.870000,0.000000,1.999830
5.880000,0.000000,1.999833
5.890000,0.000000,1.999837
5.900000,0.000000,1.999840
5.910000,0.000000,1.999843
5.920000,0.000000,1.999846
5.930000,0.000000,1.999849
5.940000,0.000000,1.999852
5.950000,0.000000,1.999855
5.960000,0.000000,1.999858
5.970000,0.000000,1.999861
5.980000,0.000000,1.999864
5.990000,0.000000,1.999866
6.000000,0.000000,1.999869
6.010000,0.000000,1.999872
6.020000,0.000000,1.999874
6.030000,0.000000,1.999877
6.040000,0.000000,1.999879
6.050000,0.000000,1.999881
6.060000,0.000000,1.999884
6.070000,0.000000,1.999886
6.080000,0.000000,1.999888
6.090000,0.000000,1.999891
6.100000,0.000000,1.999893
6.110000,0.000000,1.999895
6.120000,0.000000,1.999897
6.130000,0.000000,1.999899
6.140000,0.000000,1.999901
6.150000,0.000000,1.999903
6.160000,0.000000,1.999905
6.170000,0.000000,1.999907
6.180000,0.000000,1.999909
6.190000,0.000000,1.999910
6.200000,0.000000,1.999912
6.210000,0.000000,1.999914
6.220000,0.000000,1.999916
6.230000,0.000000,1.999917
6.240000,0.000000,1.999919
6.250000,0.000000,1.999920
6.260000,0.000000,1.999922
6.270000,0.000000,1.999924
6.280000,0.000000,1.999925
6.290000,0.000000,1.999927
6.300000,0.000000,1.999928
6.310000,0.000000,1.999929
6.320000,0.000000,1.999931
6.330000,0.000000,1.999932
6.340000,0.000000,1.999934
6.350000,0.000000,1.999935
6.360000,0.000000,1.999936
6.370000,0.000000,1.999937
6.380000,0.000000,1.999939
6.390000,0.000000,1.999940
6.400000,0.000000,1.999941
6.410000,0.000000,1.999942
6.420000,0.000000,1.999943
6.430000,0.000000,1.999944
6.440000,0.000000,1.999946
6.450000,0.000000,1.999947
6.460000,0.000000,1.999948
6.470000,0.000000,1.999949
6.480000,0.000000,1.999950
6.490000,0.000000,1.999951
6.500000,0.000000,1.999952
6.510000,0.000000,1.999953
6.520000,0.000000,1.999954
6.530000,0.000000,1.999955
6.540000,0.000000,1.999955
6.550000,0.000000,1.999956
6.560000,0.000000,1.999957
6.570000,0.000000,1.999958
6.580000,0.000000,1.999959
6.590000,0.000000,1.999960
6.600000,0.000000,1.999960
6.610000,0.000000,1.999961
6.620000,0.000000,1.999962
6.630000,0.000000,1.999963
6.640000,0.000000,1.999964
6.650000,0.000000,1.999964
6.660000,0.000000,1.999965
6.670000,0.000000,1.999966
6.680000,0.000000,1.999966
6.690000,0.000000,1.999967
6.700000,0.000000,1.999968
6.710000,0.000000,1.999968
6.720000,0.000000,1.999969
6.730000,0.000000,1.999970
6.740000,0.000000,1.999970
6.750000,0.000000,1.999971
6.760000,0.000000,1.999971
6.770000,0.000000,1.999972
6.780000,0.000000,1.999972
6.790000,0.000000,1.999973
6.800000,0.000000,1.999973
6.810000,0.000000,1.999974
6.820000,0.000000,1.999975
6.830000,0.000000,1.999975
6.840000,0.000000,1.999976
6.850000,0.000000,1.999976
6.860000,0.000000,1.999976
6.870000,0.000000,1.999977
6.880000,0.000000,1.999977
6.890000,0.000000,1.999978
6.900000,0.000000,1.999978
6.910000,0.000000,1.999979
6.920000,0.000000,1.999979
6.930000,0.000000,1.999980
6.940000,0.000000,1.999980
6.950000,0.000000,1.999980
6.960000,0.000000,1.999981
6.970000,0.000000,1.999981
6.980000,0.000000,1.999982
6.990000,0.000000,1.999982
7.000000,0.000000,1.999982
7.010000,0.000000,1.999983
7.020000,0.000000,1.999983
7.030000,0.000000,1.999983
7.040000,0.000000,1.999984
7.050000,0.000000,1.999984
7.060000,0.000000,1.999984
7.070000,0.000000,1.999985
7.080000,0.000000,1.999985
7.090000,0.000000,1.999985
7.100000,0.000000,1.999985
7.110000,0.000000,1.999986
7.120000,0.000000,1.999986
7.130000,0.000000,1.999986
7.140000,0.000000,1.999987
7.150000,0.000000,1.999987
7.160000,0.000000,1.999987
7.170000,0.000000,1.999987
7.180000,0.000000,1.999988
7.190000,0.000000,1.999988
7.200000,0.000000,1.999988
7.210000,0.000000,1.999988
7.220000,0.000000,1.999989
7.230000,0.000000,1.999989
7.240000,0.000000,1.999989
7.250000,0.000000,1.999989
7.260000,0.000000,1.999989
7.270000,0.000000,1.999990
7.280000,0.000000,1.999990
7.290000,0.000000,1.999990
7.300000,0.000000,1.999990
7.310000,0.000000,1.999990
7.320000,0.000000,1.999991
7.330000,0.000000,1.999991
7.340000,0.000000,1.999991
7.350000,0.000000,1.999991
7.360000,0.000000,1.999991
7.370000,0.000000,1.999992
7.380000,0.000000,1.999992
7.390000,0.000000,1.999992
7.400000,0.000000,1.999992
7.410000,0.000000,1.999992
7.420000,0.000000,1.999992
7.430000,0.000000,1.999992
7.440000,0.000000,1.999993
7.450000,0.000000,1.999993
7.460000,0.000000,1.999993
7.470000,0.000000,1.999993
7.480000,0.000000,1.999993
7.490000,0.000000,1.999993
7.500000,0.000000,1.999993
7.510000,0.000000,1.999994
7.520000,0.000000,1.999994
7.530000,0.000000,1.999994
7.540000,0.000000,1.999994
7.550000,0.000000,1.999994
7.560000,0.000000,1.999994
7.570000,0.000000,1.999994
7.580000,0.000000,1.999994
7.590000,0.000000,1.999995
7.600000,0.000000,1.999995
7.610000,0.000000,1.999995
7.620000,0.000000,1.999995
7.630000,0.000000,1.999995
7.640000,0.000000,1.999995
7.650000,0.000000,1.999995
7.660000,0.000000,1.999995
7.670000,0.000000,1.999995
7.680000,0.000000,1.999995
7.690000,0.000000,1.999996
7.700000,0.000000,1.999996
7.710000,0.000000,1.999996
7.720000,0.000000,1.999996
7.730000,0.000000,1.999996
7.740000,0.000000,1.999996
7.750000,0.000000,1.999996
7.760000,0.000000,1.999996
7.770000,0.000000,1.999996
7.780000,0.000000,1.999996
7.790000,0.000000,1.999996
7.800000,0.000000,1.999996
7.810000,0.000000,1.999996
7.820000,0.000000,1.999997
7.830000,0.000000,1.999997
7.840000,0.000000,1.999997
7.850000,0.000000,1.999997
7.860000,0.000000,1.999997
7.870000,0.000000,1.999997
7.880000,0.000000,1.999997
7.890000,0.000000,1.999997
7.900000,0.000000,1.999997
7.910000,0.000000,1.999997
7.920000,0.000000,1.999997
7.930000,0.000000,1.999997
7.940000,0.000000,1.999997
7.950000,0.000000,1.999997
7.960000,0.000000,1.999997
7.970000,0.000000,1.999997
7.980000,0.000000,1.999997
7.990000,0.000000,1.999998
8.000000,0.000000,1.999998
8.010000,0.000000,1.999998
8.020000,0.000000,1.999998
8.030000,0.000000,1.999998
8.040000,0.000000,1.999998
8.050000,0.000000,1.999998
8.060000,0.000000,1.999998
8.070000,0.000000,1.999998
8.080000,0.000000,1.999998
8.090000,0.000000,1.999998
8.100000,0.000000,1.999998
8.110000,0.000000,1.999998
8.120000,0.000000,1.999998
8.130000,0.000000,1.999998
8.140000,0.000000,1.999998
8.150000,0.000000,1.999998
8.160000,0.000000,1.999998
8.170000,0.000000,1.999998
8.180000,0.000000,1.999998
8.190000,0.000000,1.999998
8.200000,0.000000,1.999998
8.210000,0.000000,1.999998
8.220000,0.000000,1.999998
8.230000,0.000000,1.999998
8.240000,0.000000,1.999999
8.250000,0.000000,1.999999
8.260000,0.000000,1.999999
8.270000,0.000000,1.999999
8.280000,0.000000,1.999999
8.290000,0.000000,1.999999
8.300000,0.000000,1.999999
8.310000,0.000000,1.999999
8.320000,0.000000,1.999999
8.330000,0.000000,1.999999
8.340000,0.000000,1.999999
8.350000,0.000000,1.999999
8.360000,0.000000,1.999999
8.370000,0.000000,1.999999
8.380000,0.000000,1.999999
8.390000,0.000000,1.999999
8.400000,0.000000,1.999999
8.410000,0.000000,1.999999
8.420000,0.000000,1.999999
8.430000,0.000000,1.999999
8.440000,0.000000,1.999999
8.450000,0.000000,1.999999
8.460000,0.000000,1.999999
8.470000,0.000000,1.999999
8.480000,0.000000,1.999999
8.490000,0.000000,1.999999
8.500000,0.000000,1.999999
8.510000,0.000000,1.999999
8.520000,0.000000,1.999999
8.530000,0.000000,1.999999
8.540000,0.000000,1.999999
8.550000,0.000000,1.999999
8.560000,0.000000,1.999999
8.570000,0.000000,1.999999
8.580000,0.000000,1.999999
8.590000,0.000000,1.999999
8.600000,0.000000,1.999999
8.610000,0.000000,1.999999
8.620000,0.000000,1.999999
8.630000,0.000000,1.999999
8.640000,0.000000,1.999999
8.650000,0.000000,1.999999
8.660000,0.000000,1.999999
8.670000,0.000000,1.999999
8.680000,0.000000,1.999999
8.690000,0.000000,1.999999
8.700000,0.000000,1.999999
8.710000,0.000000,1.999999
8.720000,0.000000,1.999999
8.730000,0.000000,1.999999
8.740000,0.000000,1.999999
8.750000,0.000000,1.999999
8.760000,0.000000,1.999999
8.770000,0.000000,1.999999
8.780000,0.000000,1.999999
8.790000,0.000000,2.000000
8.800000,0.000000,2.000000
8.810000,0.000000,2.000000
8.820000,0.000000,2.000000
8.830000,0.000000,2.000000
8.840000,0.000000,2.000000
8.850000,0.000000,2.000000
8.860000,0.000000,2.000000
8.870000,0.000000,2.000000
8.880000,0.000000,2.000000
8.890000,0.000000,2.000000
8.900000,0.000000,2.000000
8.910000,0.000000,2.000000
8.920000,0.000000,2.000000
8.930000,0.000000,2.000000
8.940000,0.000000,2.000000
8.950000,0.000000,2.000000
8.960000,0.000000,2.000000
8.970000,0.000000,2.000000
8.980000,0.000000,2.000000
8.990000,0.000000,2.000000
9.000000,0.000000,2.000000
9.010000,0.000000,2.000000
9.020000,0.000000,2.000000
9.030000,0.000000,2.000000
9.040000,0.000000,2.000000
9.050000,0.000000,2.000000
9.060000,0.000000,2.000000
9.070000,0.000000,2.000000
9.080000,0.000000,2.000000
9.090000,0.000000,2.000000
9.100000,0.000000,2.000000
9.110000,0.000000,2.000000
9.120000,0.000000,2.000000
9.130000,0.000000,2.000000
9.140000,0.000000,2.000000
9.150000,0.000000,2.000000
9.160000,0.000000,2.000000
9.170000,0.000000,2.000000
9.180000,0.000000,2.000000
9.190000,0.000000,2.000000
9.200000,0.000000,2.000000
9.210000,0.000000,2.000000
9.220000,0.000000,2.000000
9.230000,0.000000,2.000000
9.240000,0.000000,2.000000
9.250000,0.000000,2.000000
9.260000,0.000000,2.000000
9.270000,0.000000,2.000000
9.280000,0.000000,2.000000
9.290000,0.000000,2.000000
9.300000,0.000000,2.000000
9.310000,0.000000,2.000000
9.320000,0.000000,2.000000
9.330000,0.000000,2.000000
9.340000,0.000000,2.000000
9.350000,0.000000,2.000000
9.360000,0.000000,2.000000
9.370000,0.000000,2.000000
9.380000,0.000000,2.000000
9.390000,0.000000,2.000000
9.400000,0.000000,2.000000
9.410000,0.000000,2.000000
9.420000,0.000000,2.000000
9.430000,0.000000,2.000000
9.440000,0.000000,2.000000
9.450000,0.000000,2.000000
9.460000,0.000000,2.000000
9.470000,0.000000,2.000000
9.480000,0.000000,2.000000
9.490000,0.000000,2.000000
9.500000,0.000000,2.000000
9.510000,0.000000,2.000000
9.520000,0.000000,2.000000
9.530000,0.000000,2.000000
9.540000,0.000000,2.000000
9.550000,0.000000,2.000000
9.560000,0.000000,2.000000
9.570000,0.000000,2.000000
9.580000,0.000000,2.000000
9.590000,0.000000,2.000000
9.600000,0.000000,2.000000
9.610000,0.000000,2.000000
9.620000,0.000000,2.000000
9.630000,0.000000,2.000000
9.640000,0.000000,2.000000
9.650000,0.000000,2.000000
9.660000,0.000000,2.000000
9.670000,0.000000,2.000000
9.680000,0.000000,2.000000
9.690000,0.000000,2.000000
9.700000,0.000000,2.000000
9.710000,0.000000,2.000000
9.720000,0.000000,2.000000
9.730000,0.000000,2.000000
9.740000,0.000000,2.000000
9.750000,0.000000,2.000000
9.760000,0.000000,2.000000
9.770000,0.000000,2.000000
9.780000,0.000000,2.000000
9.790000,0.000000,2.000000
9.800000,0.000000,2.000000
9.810000,0.000000,2.000000
9.820000,0.000000,2.000000
9.830000,0.000000,2.000000
9.840000,0.000000,2.000000
9.850000,0.000000,2.000000
9.860000,0.000000,2.000000
9.870000,0.000000,2.000000
9.880000,0.000000,2.000000
9.890000,0.000000,2.000000
9.900000,0.000000,2.000000
9.910000,0.000000,2.000000
9.920000,0.000000,2.000000
9.930000,0.000000,2.000000
9.940000,0.000000,2.000000
9.950000,0.000000,2.000000
9.960000,0.000000,2.000000
9.970000,0.000000,2.000000
9.980000,0.000000,2.000000
9.990000,0.000000,2.000000
