0.000000, 10.000000, 10.000000
0.100000,11.274969,11.200000
0.200000,12.712492,12.544000
0.300000,14.333294,14.049280
0.400000,16.160744,15.735194
0.500000,18.221188,17.623417
0.600000,20.544332,19.738227
0.700000,23.163670,22.106814
0.800000,26.116965,24.759632
0.900000,29.446796,27.730788
1.000000,33.201169,31.058482
1.100000,37.434214,34.785500
1.200000,42.206958,38.959760
1.300000,47.588212,43.634931
1.400000,53.655560,48.871123
1.500000,60.496475,54.735658
1.600000,68.209585,61.303937
1.700000,76.906092,68.660409
1.800000,86.711377,76.899658
1.900000,97.766804,86.127617
2.000000,110.231764,96.462931
2.100000,124.285967,108.038483
2.200000,140.132036,121.003101
2.300000,157.998429,135.523473
2.400000,178.142732,151.786289
2.500000,200.855369,170.000644
2.600000,226.463796,190.400721
2.700000,255.337217,213.248808
2.800000,287.891909,238.838665
2.900000,324.597221,267.499305
3.000000,365.982344,299.599221
3.100000,412.643941,335.551128
3.200000,465.254744,375.817263
3.300000,524.573259,420.915335
3.400000,591.454698,471.425175
3.500000,666.863310,527.996196
3.600000,751.886283,591.355739
3.700000,847.749417,662.318428
3.800000,955.834798,741.796639
3.900000,1077.700726,830.812236
4.000000,1215.104175,930.509704
4.100000,1370.026132,1042.170869
4.200000,1544.700150,1167.231373
4.300000,1741.644556,1307.299138
4.400000,1963.698754,1464.175035
4.500000,2214.064162,1639.876039
4.600000,2496.350372,1836.661163
4.700000,2814.627185,2057.060503
4.800000,3173.483289,2303.907763
4.900000,3578.092417,2580.376695
5.000000,4034.287935,2890.021898
5.100000,4548.646945,3236.824526
5.200000,5128.585109,3625.243469
5.300000,5782.463564,4060.272686
5.400000,6519.709463,4547.505408
5.500000,7350.951892,5093.206057
5.600000,8288.175115,5704.390784
5.700000,9344.891347,6388.917678
5.800000,10536.335572,7155.587799
5.900000,11879.685185,8014.258335
6.000000,13394.307644,8975.969335
6.100000,15102.039698,10053.085655
6.200000,17027.502212,11259.455934
6.300000,19198.455134,12610.590646
6.400000,21646.197718,14123.861523
6.500000,24406.019776,15818.724906
6.600000,27517.710457,17716.971895
6.700000,31026.131903,19843.008522
6.800000,34981.866038,22224.169545
6.900000,39441.943820,24891.069890
7.000000,44470.667477,27877.998277
7.100000,50140.537568,31223.358070
7.200000,56533.298244,34970.161039
7.300000,63741.115780,39166.580363
7.400000,71867.907358,43866.570007
7.500000,81030.839276,49130.558408
7.600000,91362.016164,55026.225417
7.700000,103010.385579,61629.372467
7.800000,116143.885420,69024.897163
7.900000,130951.865142,77307.884822
8.000000,147647.815656,86584.831001
8.100000,166472.447294,96975.010721
8.200000,187697.160199,108612.012007
8.300000,211627.957175,121645.453448
8.400000,238609.855421,136242.907862
8.500000,269031.860743,152592.056806
8.600000,303332.575962,170903.103622
8.700000,342006.524379,191411.476057
8.800000,385611.279457,214380.853184
8.900000,434775.503521,240106.555566
9.000000,490208.011364,268919.342234
9.100000,552707.989432,301189.663302
9.200000,623176.517927,337332.422898
9.300000,702629.561941,377812.313646
9.400000,792212.618915,423149.791283
9.500000,893217.233608,473927.766237
9.600000,1007099.618670,530799.098185
9.700000,1135501.649277,594494.989968
9.800000,1280274.534523,665834.388764
9.900000,1443505.506832,745734.515415
10.000000,1627547.914190,835222.657265
10.100000,1835055.149044,935449.376137
10.200000,2069018.903021,1047703.301274
10.300000,2332812.299015,1173427.697426
10.400000,2630238.522465,1314239.021118
10.500000,2965585.652982,1471947.703652
10.600000,3343688.486826,1648581.428090
10.700000,3769998.241559,1846411.199461
10.800000,4250661.147817,2067980.543396
10.900000,4792607.061295,2316138.208604
11.000000,5403649.372467,2594074.793636
11.100000,6092597.654495,2905363.768872
11.200000,6869384.673383,3254007.421137
11.300000,7745209.591527,3644488.311674
11.400000,8732699.429269,4081826.909074
11.500000,9846091.112290,4571646.138163
11.600000,11101436.729471,5120243.674743
11.700000,12516834.960486,5734672.915712
11.800000,14112692.009687,6422833.665597
11.900000,15912015.808231,7193573.705469
12.000000,17940747.726062,8056802.550125
12.100000,20228136.576115,9023618.856141
12.200000,22807160.302887,10106453.118877
12.300000,25715001.434971,11319227.493143
12.400000,28993583.156289,12677534.792320
12.500000,32690173.724721,14198838.967398
12.600000,36858067.952206,15902699.643486
12.700000,41557355.571411,17811023.600704
12.800000,46855787.566730,19948346.432789
12.900000,52829752.959761,22342148.004723
13.000000,59565380.131846,25023205.765290
13.100000,67159778.561785,28025990.457125
13.200000,75722438.881181,31389109.311980
13.300000,85376811.432443,35155802.429418
13.400000,96262086.087966,39374498.720948
13.500000,108535198.990644,44099438.567462
13.600000,122373095.147492,49391371.195557
13.700000,137975279.496821,55318335.739024
13.800000,155566693.228450,61956536.027707
13.900000,175400956.825692,69391320.351032
14.000000,197764026.584978,77718278.793155
14.100000,222978317.330223,87044472.248334
14.200000,251407350.760292,97489808.918134
14.300000,283460996.446142,109188585.988310
14.400000,319601381.038578,122291216.306907
14.500000,360349550.881416,136966162.263736
14.600000,406292984.086839,153402101.735385
14.700000,458094060.376701,171810353.943631
14.800000,516499610.801943,192427596.416867
14.900000,582351685.021162,215518907.986891
15.000000,656599691.373305,241381176.945317
15.100000,740314084.771392,270346918.178755
15.200000,834701799.759612,302788548.360206
15.300000,941123651.236599,339123174.163431
15.400000,1061113953.716153,379817955.063043
15.500000,1196402641.981907,425396109.670608
15.600000,1348940212.055844,476443642.831081
15.700000,1520925842.061781,533616879.970810
15.800000,1714839098.410370,597650905.567307
15.900000,1933475684.422909,669369014.235384
16.000000,2179987746.792103,749693295.943630
16.100000,2457929320.989716,839656491.456866
16.200000,2771307570.820540,940415270.431690
16.300000,3124640560.858239,1053265102.883493
16.400000,3523022394.684882,1179656915.229512
16.500000,3972196658.050841,1321215745.057054
16.600000,4478639225.806446,1479761634.463900
16.700000,5049651626.456647,1657333030.599568
16.800000,5693466310.402549,1856212994.271516
16.900000,6419365339.552125,2078958553.584098
17.000000,7237814209.482798,2328433580.014190
17.100000,8160612733.508301,2607845609.615893
17.200000,9201065163.989182,2920787082.769800
17.300000,10374172003.574484,3271281532.702176
17.400000,11696846271.773106,3663835316.626437
17.500000,13188157344.832148,4103495554.621610
17.600000,14869605884.431679,4595915021.176203
17.700000,16765433818.922894,5147424823.717347
17.800000,18902973846.197903,5765115802.563429
17.900000,21313043497.075436,6456929698.871040
18.000000,24030389440.526867,7231761262.735565
18.100000,27094188436.420246,8099572614.263833
18.200000,30548612158.162186,9071521327.975493
18.300000,34443464028.447334,10160103887.332552
18.400000,38834897249.561890,11379316353.812458
18.500000,43786224380.289474,12744834316.269953
18.600000,49368830131.324532,14274214434.222347
18.700000,55663200539.225479,15987120166.329029
18.800000,62760083356.807976,17905574586.288513
18.900000,70761796389.660233,20054243536.643135
19.000000,79783702641.442825,22460752761.040310
19.100000,89955873535.571991,25156043092.365147
19.200000,101424964192.429640,28174768263.448963
19.300000,114356327798.515460,31555740455.062840
19.400000,128936399551.005340,35342429309.670380
19.500000,145375384547.739110,39583520826.830826
19.600000,163910288374.716430,44333543326.050522
19.700000,184808334083.960510,49653568525.176582
19.800000,208370814825.295070,55611996748.197769
19.900000,234937437676.548710,62285436357.981499
20.000000,264891221298.434720,69759688720.939285
20.100000,298664018025.001100,78130851367.451996
20.200000,336742740003.234990,87506553531.546234
20.300000,379676379145.858760,98007339955.331787
20.400000,428083922106.013490,109768220749.971600
20.500000,482663274386.281430,122940407239.968200
20.600000,544201322243.523190,137693256108.764370
20.700000,613585277454.906250,154216446841.816100
20.800000,691815468505.865230,172722420462.834050
20.900000,780019762614.274540,193449110918.374150
21.000000,879469826517.284300,216663004228.579040
21.100000,991599460457.298710,242662564736.008510
21.200000,1118025269693.413100,271782072504.329530
21.300000,1260569971565.502400,304395921204.849060
21.400000,1421288674135.608400,340923431749.430970
21.500000,1602498505273.325400,381834243559.362670
21.600000,1806812019356.331500,427654352786.486210
21.700000,2037174863220.032700,478972875120.864560
21.800000,2296908244397.234400,536449620135.368290
21.900000,2589756813924.595700,600823574551.612430
22.000000,2919942654056.219200,672922403497.805910
22.100000,3292226149240.705100,753673091917.542600
22.200000,3711974617956.190400,844113862947.647710
22.300000,4185239694888.164600,945407526501.365480
22.400000,4718844579091.420900,1058856429681.529300
22.500000,5320482406017.986300,1185919201243.312700
22.600000,5998827161668.747100,1328229505392.510300
22.700000,6763658737950.361300,1487617046039.611600
22.800000,7626003932196.346700,1666131091564.365000
22.900000,8598295423683.328100,1866066822552.088900
23.000000,9694551019152.316400,2089994841258.339600
23.100000,10930575751569.836000,2340794222209.340300
23.200000,12324189745844.869000,2621689528874.460900
23.300000,13895485136706.932000,2936292272339.396500
23.400000,15667115742805.090000,3288647345020.124000
23.500000,17664623673342.367000,3683285026422.539100
23.600000,19916807576028.043000,4125279229593.243700
23.700000,22456137835483.898000,4620312737144.432600
23.800000,25319224708140.617000,5174750265601.764600
23.900000,28547346142859.207000,5795720297473.976600
24.000000,32187042897020.422000,6491206733170.853500
24.100000,36290789528040.867000,7270151541151.355500
24.200000,40917750934195.750000,8142569726089.518600
24.300000,46134635352014.812000,9119678093220.261700
24.400000,52016656108159.320000,10214039464406.693000
24.500000,58648615991636.789000,11439724200135.496000
24.600000,66126129880058.133000,12812491104151.756000
24.700000,74557003246894.500000,14349990036649.967000
24.800000,84062786424066.922000,16071988841047.963000
24.900000,94780527028124.703000,18000627501973.719000
25.000000,106864745815244.620000,20160702802210.566000
25.100000,120489664451518.690000,22579987138475.836000
25.200000,135851717316942.890000,25289585595092.937000
25.300000,153172383556504.060000,28324335866504.090000
25.400000,172701380208867.030000,31723256170484.582000
25.500000,194720262448910.470000,35530046910942.734000
25.600000,219546482849855.720000,39793652540255.859000
25.700000,247537968188537.970000,44568890845086.562000
25.800000,279098279778932.500000,49917157746496.953000
25.900000,314682431731966.440000,55907216676076.586000
26.000000,354803451025133.060000,62616082677205.773000
26.100000,400039773960335.120000,70130012598470.469000
26.200000,451043585646803.440000,78545614110286.922000
26.300000,508550222741843.870000,87971087803521.359000
26.400000,573388775011417.620000,98527618339943.922000
26.500000,646494038556329.120000,110350932540737.190000
26.600000,728919993037097.250000,123593044445625.660000
26.700000,821854997202585.500000,138424209779100.730000
26.800000,926638921800696.000000,155035114952592.810000
26.900000,1044782466881189.400000,173639328746903.940000
27.000000,1177988941993871.200000,194476048196532.410000
27.100000,1328178823293415.700000,217813173980116.280000
27.200000,1497517441597722.200000,243950754857730.250000
27.300000,1688446200586629.200000,273224845440657.870000
27.400000,1903717775222592.000000,306011826893536.810000
27.500000,2146435797859160.700000,342733246120761.250000
27.600000,2420099604203462.500000,383861235655252.620000
27.700000,2728654684247910.000000,429924583933882.940000
27.800000,3076549565536826.000000,481515534005948.870000
27.900000,3468799948870683.000000,539297398086662.750000
28.000000,3911061021110384.500000,604013085857062.250000
28.100000,4409708987636765.000000,676494656159909.750000
28.200000,4971932999941751.000000,757674014899098.870000
28.300000,5605838803697911.000000,848594896686990.750000
28.400000,6320565601630872.000000,950426284289429.620000
28.500000,7126417816039743.000000,1064477438404161.100000
28.600000,8035013650623960.000000,1192214731012660.500000
28.700000,9059452593475798.000000,1335280498734179.700000
28.800000,10214504276176618.000000,1495514158582281.200000
28.900000,11516821411833176.000000,1674975857612155.000000
29.000000,12985179882043814.000000,1875972960525613.500000
29.100000,14640749434196314.000000,2101089715788687.000000
29.200000,16507398891818828.000000,2353220481683329.500000
29.300000,18612040278290688.000000,2635606939485329.000000
29.400000,20985016815241224.000000,2951879772223568.500000
29.500000,23660540389524676.000000,3306105344890396.500000
29.600000,26677184795855848.000000,3702837986277244.000000
29.700000,30078441866328584.000000,4147178544630513.500000
29.800000,33913348504698672.000000,4644839969986175.000000
29.900000,38237193665562056.000000,5202220766384516.000000
30.000000,43112315471151952.000000,5826487258350658.000000
30.100000,48608999958020512.000000,6525665729352737.000000
30.200000,54806494411090376.000000,7308745616875065.000000
30.300000,61794149894606896.000000,8185795090900073.000000
30.400000,69672709452193600.000000,9168090501808082.000000
30.500000,78555760548352688.000000,10268261362025052.000000
30.600000,88571372691690752.000000,11500452725468058.000000
30.700000,99863943849945280.000000,12880507052524224.000000
30.800000,112596282277112560.000000,14426167898827130.000000
30.900000,126951953766986750.000000,16157308046686386.000000
31.000000,143137928174128670.000000,18096185012288752.000000
31.100000,161387563357924480.000000,20267727213763404.000000
31.200000,181963969570126400.000000,22699854479415012.000000
31.300000,205163802791203780.000000,25423837016944812.000000
31.400000,231321541705133600.000000,28474697458978188.000000
31.500000,260814309975024700.000000,31891661154055572.000000
31.600000,294067313343689020.000000,35718660492542240.000000
31.700000,331559969947414270.000000,40004899751647312.000000
31.800000,373832822225463680.000000,44805487721844992.000000
31.900000,421495330076241730.000000,50182146248466392.000000
32.000000,475234657616371010.000000,56204003798282360.000000
32.100000,535825580223863360.000000,62948484254076240.000000
32.200000,604141654698096510.000000,70502302364565392.000000
32.300000,681167813580056450.000000,78962578648313232.000000
32.400000,768014565208724220.000000,88438088086110816.000000
32.500000,865934004239937410.000000,99050658656444112.000000
32.600000,976337863456048770.000000,110936737695217410.000000
32.700000,1100817867124434300.000000,124249146218643500.000000
32.800000,1241168679345120000.000000,139159043764880720.000000
32.900000,1399413778240560900.000000,155858129016666400.000000
33.000000,1577834629023026900.000000,174561104498666370.000000
33.100000,1779003576536370700.000000,195508437038506340.000000
33.200000,2005820931493215700.000000,218969449483127100.000000
33.300000,2261556785090605600.000000,245245783421102370.000000
33.400000,2549898154857626100.000000,274675277431634660.000000
33.500000,2875002141450046000.000000,307636310723430780.000000
33.600000,3241555862768881200.000000,344552668010242500.000000
33.700000,3654844029490571300.000000,385898988171471620.000000
33.800000,4120825136264316400.000000,432206866752048190.000000
33.900000,4646217367047156700.000000,484071690762293950.000000
34.000000,5238595453099109400.000000,542160293653769220.000000
34.100000,5906499880067263500.000000,607219528892221570.000000
34.200000,6659560018629782500.000000,680085872359288190.000000
34.300000,7508632953909002200.000000,761696177042402820.000000
34.400000,8465960015197526000.000000,853099718287491200.000000
34.500000,9545343262732068900.000000,955471684481990140.000000
34.600000,10762344475974863000.000000,1070128286619829000.000000
34.700000,12134509512274313000.000000,1198543681014208500.000000
34.800000,13681621270549238000.000000,1342368922735913500.000000
34.900000,15425984907045753000.000000,1503453193464223000.000000
35.000000,17392749415205011000.000000,1683867576679929900.000000
35.100000,19610270205952627000.000000,1885931685881521400.000000
35.200000,22110517915832521000.000000,2112243488187303900.000000
35.300000,24929539336890483000.000000,2365712706769780200.000000
35.400000,28107977113668346000.000000,2649598231582153700.000000
35.500000,31691655699926127000.000000,2967550019372012000.000000
35.600000,35732242023004189000.000000,3323656021696653300.000000
35.700000,40287990380809667000.000000,3722494744300251600.000000
35.800000,45424582310822961000.000000,4169194113616281600.000000
35.900000,51216073539760955000.000000,4669497407250235400.000000
36.000000,57745961666338513000.000000,5229837096120263700.000000
36.100000,65108389970219819000.000000,5857417547654694900.000000
36.200000,73409504702824858000.000000,6560307653373258800.000000
36.300000,82768985428436779000.000000,7347544571778050000.000000
36.400000,93321770478981448000.000000,8229249920391415800.000000
36.500000,105220002398865200000.000000,9216759910838385700.000000
36.600000,118635221427894550000.000000,10322771100138992000.000000
36.700000,133760838646372860000.000000,11561503632155671000.000000
36.800000,150814924438402960000.000000,12948884068014350000.000000
36.900000,170043352475480330000.000000,14502750156176073000.000000
37.000000,191723344548105620000.000000,16243080174917202000.000000
37.100000,216167467352257950000.000000,18192249795907267000.000000
37.200000,243728138853557670000.000000,20375319771416138000.000000
37.300000,274802709198686490000.000000,22820358143986074000.000000
37.400000,309839189427003130000.000000,25558801121264402000.000000
37.500000,349342710574850970000.000000,28625857255816131000.000000
37.600000,393882806295348510000.000000,32060960126514065000.000000
37.700000,444101623989256590000.000000,35908275341695754000.000000
37.800000,500723182829173210000.000000,40217268382699241000.000000
37.900000,564563812152699450000.000000,45043340588623151000.000000
38.000000,636543920717817050000.000000,50448541459257926000.000000
38.100000,717701266501328700000.000000,56502366434368881000.000000
38.200000,809205918354782160000.000000,63282650406493143000.000000
38.300000,912377125224411960000.000000,70876568455272317000.000000
38.400000,1028702336143563600000.000000,79381756669904994000.000000
38.500000,1159858645214221800000.000000,88907567470293598000.000000
38.600000,1307736970756151800000.000000,99576475566728823000.000000
38.700000,1474469317221507400000.000000,111525652634736280000.000000
38.800000,1662459512917649000000.000000,124908730950904630000.000000
38.900000,1874417866692826800000.000000,139897778665013180000.000000
39.000000,2113400243240301800000.000000,156685512104814770000.000000
39.100000,2382852120380520800000.000000,175487773557392540000.000000
39.200000,2686658263508269900000.000000,196546306384279630000.000000
39.300000,3029198733375301000000.000000,220131863150393200000.000000
39.400000,3415412034688875200000.000000,246547686728440380000.000000
39.500000,3850866315958006800000.000000,276133409135853240000.000000
39.600000,4341839647095741500000.000000,309269418232155600000.000000
39.700000,4895410532162943800000.000000,346381748420014240000.000000
39.800000,5519559962202220800000.000000,387947558230415970000.000000
39.900000,6223286479486610000000.000000,434501265218065860000.000000
40.000000,7016735912097631700000.000000,486641417044233750000.000000
40.100000,7911347649253998600000.000000,545038387089541820000.000000
40.200000,8920019566283818300000.000000,610442993540286910000.000000
40.300000,10057293977011408000000.000000,683696152765121300000.000000
40.400000,11339567294488632000000.000000,765739691096935890000.000000
40.500000,12785326422808360000000.000000,857628454028568170000.000000
40.600000,14415415288130989000000.000000,960543868511996350000.000000
40.700000,16253335351576964000000.000000,1075809132733435900000.000000
40.800000,18325584436566744000000.000000,1204906228661448100000.000000
40.900000,20662038755580960000000.000000,1349494976100821900000.000000
41.000000,23296383644128678000000.000000,1511434373232920600000.000000
41.100000,26266599211940281000000.000000,1692806498020871100000.000000
41.200000,29615507913159897000000.000000,1895943277783375700000.000000
41.300000,33391391930012022000000.000000,2123456471117380700000.000000
41.400000,37648689270941431000000.000000,2378271247651466400000.000000
41.500000,42448778619076880000000.000000,2663663797369642200000.000000
41.600000,47860864246398981000000.000000,2983303453053999400000.000000
41.700000,53962973751682613000000.000000,3341299867420479500000.000000
41.800000,60843083006882917000000.000000,3742255851510937200000.000000
41.900000,68600384530642930000000.000000,4191326553692249800000.000000
42.000000,77346717575434211000000.000000,4694285740135319900000.000000
42.100000,87208180546301633000000.000000,5257600028951558800000.000000
42.200000,98326948997920591000000.000000,5888512032425745800000.000000
42.300000,110863325420561040000000.000000,6595133476316835200000.000000
42.400000,124998050367302900000000.000000,7386549493474855500000.000000
42.500000,140934908242693880000000.000000,8272935432691838400000.000000
42.600000,158903665321265130000000.000000,9265687684614859000000.000000
42.700000,179163382354150070000000.000000,10377570206768643000000.000000
42.800000,202006149522615580000000.000000,11622878631580880000000.000000
42.900000,227761297586422710000000.000000,13017624067370585000000.000000
43.000000,256800145940324190000000.000000,14579738955455054000000.000000
43.100000,289541356032838970000000.000000,16329307630109660000000.000000
43.200000,326456967329050470000000.000000,18288824545722820000000.000000
43.300000,368079202839654590000000.000000,20483483491209560000000.000000
43.400000,415008142333555910000000.000000,22941501510154709000000.000000
43.500000,467920373860891790000000.000000,25694481691373273000000.000000
43.600000,527578748317998590000000.000000,28777819494338064000000.000000
43.700000,594843377688729720000000.000000,32231157833658630000000.000000
43.800000,670684035526887180000000.000000,36098896773697665000000.000000
43.900000,756194138461113510000000.000000,40430764386541388000000.000000
44.000000,852606510297687830000000.000000,45282456112926353000000.000000
44.100000,961311155996719150000000.000000,50716350846477516000000.000000
44.200000,1083875301774428100000000.000000,56802312948054820000000.000000
44.300000,1222065990255319000000000.000000,63618590501821399000000.000000
44.400000,1377875556435100600000000.000000,71252821362039966000000.000000
44.500000,1553550351748752300000000.000000,79803159925484765000000.000000
44.600000,1751623130366758000000000.000000,89379539116542938000000.000000
44.700000,1974949564642124700000000.000000,100105083810528090000000.000000
44.800000,2226749416162048600000000.000000,112117693867791460000000.000000
44.900000,2510652955978934000000000.000000,125571817131926440000000.000000
45.000000,2830753303274694000000000.000000,140640435187757600000000.000000
45.100000,3191665437040149500000000.000000,157517287410288500000000.000000
45.200000,3598592731557471600000000.000000,176419361899523110000000.000000
45.300000,4057401974947464100000000.000000,197589685327465870000000.000000
45.400000,4574707952345227400000000.000000,221300447566761770000000.000000
45.500000,5157968813164363400000000.000000,247856501274773200000000.000000
45.600000,5815593597387414000000000.000000,277599281427745990000000.000000
45.700000,6557063471119513900000000.000000,310911195199075530000000.000000
45.800000,7393068419293365300000000.000000,348220538622964600000000.000000
45.900000,8335661366264160300000000.000000,390007003257720350000000.000000
46.000000,9398431946294720700000000.000000,436807843648646790000000.000000
46.100000,10596702429230293000000000.000000,489224784886484420000000.000000
46.200000,11947748626080647000000000.000000,547931759072862560000000.000000
46.300000,13471048959367802000000000.000000,613683570161606080000000.000000
46.400000,15188565289158783000000000.000000,687325598580998870000000.000000
46.500000,17125059543534397000000000.000000,769804670410718790000000.000000
46.600000,19308450718444322000000000.000000,862181230860005010000000.000000
46.700000,21770217393921452000000000.000000,965642978563205630000000.000000
46.800000,24545851569845109000000000.000000,1081520135990790300000000.000000
46.900000,27675370364334968000000000.000000,1211302552309685100000000.000000
47.000000,31203892952080754000000000.000000,1356658858586847300000000.000000
47.100000,35182291060491081000000000.000000,1519457921617269100000000.000000
47.200000,39667922402052810000000000.000000,1701792872211341400000000.000000
47.300000,44725457617009406000000000.000000,1906008016876702500000000.000000
47.400000,50427812648625142000000000.000000,2134728978901906700000000.000000
47.500000,56857199993359318000000000.000000,2390896456370135600000000.000000
47.600000,64106313982131829000000000.000000,2677804031134552000000000.000000
47.700000,72279667181212358000000000.000000,2999140514870698200000000.000000
47.800000,81495097180021854000000000.000000,3359037376655182100000000.000000
47.900000,91885465489630318000000000.000000,3762121861853803600000000.000000
48.000000,103600573045463300000000000.000000,4213576485276260100000000.000000
48.100000,116809319930578700000000000.000000,4719205663509411300000000.000000
48.200000,131702140456856090000000000.000000,5285510343130540200000000.000000
48.300000,148493748711369580000000000.000000,5919771584306204900000000.000000
48.400000,167426234151287750000000000.000000,6630144174422949900000000.000000
48.500000,188772551877369140000000000.000000,7425761475353704200000000.000000
48.600000,212840457906337530000000000.000000,8316852852396149200000000.000000
48.700000,239976946178107580000000000.000000,9314875194683686900000000.000000
48.800000,270573251267450810000000000.000000,10432660218045729000000000.000000
48.900000,305070488925645340000000000.000000,11684579444211217000000000.000000
49.000000,343966015773447470000000000.000000,13086728977516563000000000.000000
49.100000,387820599834862870000000000.000000,14657136454818551000000000.000000
49.200000,437266505291431730000000000.000000,16415992829396777000000000.000000
49.300000,493016608017207930000000000.000000,18385911968924389000000000.000000
49.400000,555874673315743730000000000.000000,20592221405195315000000000.000000
49.500000,626746944036213480000000000.000000,23063287973818753000000000.000000
49.600000,706655206137828960000000000.000000,25830882530677006000000000.000000
49.700000,796751520072574890000000000.000000,28930588434358247000000000.000000
49.800000,898334830372907550000000000.000000,32402259046481235000000000.000000
49.900000,1012869692909550500000000000.000000,36290530132058986000000000.000000
50.000000,1142007389815684300000000000.000000,40645393747906067000000000.000000
50.100000,1287609736497570700000000000.000000,45522840997654793000000000.000000
50.200000,1451775923963956800000000000.000000,50985581917373369000000000.000000
50.300000,1636872783468096100000000000.000000,57103851747458171000000000.000000
50.400000,1845568909796255800000000000.000000,63956313957153152000000000.000000
50.500000,2080873135168054000000000000.000000,71631071632011529000000000.000000
50.600000,2346177908438079300000000000.000000,80226800227852912000000000.000000
50.700000,2645308205009031300000000000.000000,89854016255195257000000000.000000
50.800000,2982576672604765100000000000.000000,100636498205818680000000000.000000
50.900000,3362845807955954200000000000.000000,112712877990516930000000000.000000
51.000000,3791598060817257400000000000.000000,126238423349378960000000000.000000
51.100000,4275014876025913000000000000.000000,141387034151304440000000000.000000
51.200000,4820065813174199600000000000.000000,158353478249460960000000000.000000
51.300000,5434609028759317900000000000.000000,177355895639396290000000000.000000
51.400000,6127504569490963600000000000.000000,198638603116123860000000000.000000
51.500000,6908742110139331200000000000.000000,222475235490058720000000000.000000
51.600000,7789584977555927300000000000.000000,249172263748865770000000000.000000
51.700000,8782732537304288300000000000.000000,279072935398729670000000000.000000
51.800000,9902503284074371500000000000.000000,312561687646577260000000000.000000
51.900000,11165041275548252000000000000.000000,350069090164166570000000000.000000
52.000000,12588548885934399000000000000.000000,392077380983866580000000000.000000
52.100000,14193549234844157000000000000.000000,439126666701930540000000000.000000
52.200000,16003182075023602000000000000.000000,491821866706162220000000000.000000
52.300000,18043537404840566000000000000.000000,550840490710901710000000000.000000
52.400000,20344031615312529000000000000.000000,616941349596209930000000000.000000
52.500000,22937831594696100000000000000.000000,690974311547755180000000000.000000
52.600000,25862332905077898000000000000.000000,773891228933485830000000000.000000
52.700000,29159698924972944000000000000.000000,866758176405504150000000000.000000
52.800000,32877468730909415000000000000.000000,970769157574164610000000000.000000
52.900000,37069242481999907000000000000.000000,1087261456483064400000000000.000000
53.000000,41795454188887226000000000000.000000,1217732831261032200000000000.000000
53.100000,47124243008300256000000000000.000000,1363860771012356100000000000.000000
53.200000,53132435624920190000000000000.000000,1527524063533838800000000000.000000
53.300000,59906653883841225000000000000.000000,1710826951157899600000000000.000000
53.400000,67544563642686181000000000000.000000,1916126185296847600000000000.000000
53.500000,76156282848431780000000000000.000000,2146061327532469200000000000.000000
53.600000,85865969139595627000000000000.000000,2403588686836365600000000000.000000
53.700000,96813609862704978000000000000.000000,2692019329256729500000000000.000000
53.800000,109157040310234350000000000000.000000,3015061648767537100000000000.000000
53.900000,123074219277512770000000000000.000000,3376869046619641700000000000.000000
54.000000,138765794745984020000000000000.000000,3782093332213998500000000000.000000
54.100000,156457996683007560000000000000.000000,4235944532079678200000000000.000000
54.200000,176405898664508220000000000000.000000,4744257875929239900000000000.000000
54.300000,198897095344261500000000000000.000000,5313568821040749100000000000.000000
54.400000,224255848788938760000000000000.000000,5951197079565638600000000000.000000
54.500000,252847763457790150000000000000.000000,6665340729113515700000000000.000000
54.600000,285085057227542370000000000000.000000,7465181616607137700000000000.000000
54.700000,321432504456381630000000000000.000000,8361003410599994700000000000.000000
54.800000,362414136769845580000000000000.000000,9364323819871993600000000000.000000
54.900000,408620798175854130000000000000.000000,10488042678256633000000000000.000000
55.000000,460718663433129130000000000000.000000,11746607799647430000000000000.000000
55.100000,519458842484713520000000000000.000000,13156200735605123000000000000.000000
55.200000,585688209426575630000000000000.000000,14734944823877738000000000000.000000
55.300000,660361612135629130000000000000.000000,16503138202743066000000000000.000000
55.400000,744555638586806070000000000000.000000,18483514787072233000000000000.000000
55.500000,839484138332287150000000000000.000000,20701536561520903000000000000.000000
55.600000,946515722920483200000000000000.000000,23185720948903413000000000000.000000
55.700000,1067193497563226400000000000000.000000,25968007462771821000000000000.000000
55.800000,1203257308528525300000000000000.000000,29084168358304439000000000000.000000
55.900000,1356668827005772700000000000000.000000,32574268561300972000000000000.000000
56.000000,1529639831084900300000000000000.000000,36483180788657089000000000000.000000
56.100000,1724664093598640900000000000000.000000,40861162483295944000000000000.000000
56.200000,1944553335564446600000000000000.000000,45764501981291456000000000000.000000
56.300000,2192477763577096700000000000000.000000,51256242219046432000000000000.000000
56.400000,2472011775590978300000000000000.000000,57406991285332003000000000000.000000
56.500000,2787185494045943600000000000000.000000,64295830239571845000000000000.000000
56.600000,3142542869304522000000000000000.000000,72011329868320464000000000000.000000
56.700000,3543207191094082100000000000000.000000,80652689452518927000000000000.000000
56.800000,3994954952451942200000000000000.000000,90331012186821203000000000000.000000
56.900000,4504299131091020200000000000000.000000,101170733649239750000000000000.000000
57.000000,5078583088876865400000000000000.000000,113311221687148510000000000000.000000
57.100000,5726086443192870900000000000000.000000,126908568289606340000000000000.000000
57.200000,6456144436571337600000000000000.000000,142137596484359100000000000000.000000
57.300000,7279282525575918800000000000000.000000,159194108062482200000000000000.000000
57.400000,8207368129343535100000000000000.000000,178297401029980080000000000000.000000
57.500000,9253781725587787500000000000000.000000,199693089153577680000000000000.000000
57.600000,10433609760803040000000000000000.000000,223656259852007020000000000000.000000
57.700000,11763862155913157000000000000000.000000,250495011034247850000000000000.000000
57.800000,13263717543205912000000000000000.000000,280554412358357610000000000000.000000
57.900000,14954799770202864000000000000000.000000,314220941841360500000000000000.000000
58.000000,16861489656903539000000000000000.000000,351927454862323760000000000000.000000
58.100000,19011276501097032000000000000000.000000,394158749445802600000000000000.000000
58.200000,21435154399491969000000000000000.000000,441457799379298900000000000000.000000
58.300000,24168069098545112000000000000000.000000,494432735304814760000000000000.000000
58.400000,27249421817362149000000000000000.000000,553764663541392520000000000000.000000
58.500000,30723637306434313000000000000000.000000,620216423166359630000000000000.000000
58.600000,34640804332071494000000000000000.000000,694642393946322720000000000000.000000
58.700000,39057397820587427000000000000000.000000,777999481219881380000000000000.000000
58.800000,44037093073595692000000000000000.000000,871359418966267160000000000000.000000
58.900000,49651683793187300000000000000000.000000,975922549242219170000000000000.000000
59.000000,55982117152432855000000000000000.000000,1093033255151285500000000000000.000000
59.100000,63119660834116093000000000000000.000000,1224197245769439700000000000000.000000
59.200000,71167218863224249000000000000000.000000,1371100915261772300000000000000.000000
59.300000,80240815203944923000000000000000.000000,1535633025093184900000000000000.000000
59.400000,90471266510610805000000000000000.000000,1719908988104367100000000000000.000000
59.500000,102006068149112770000000000000000.000000,1926298066676891300000000000000.000000
59.600000,115011520680114770000000000000000.000000,2157453834678118200000000000000.000000
59.700000,129675127462186230000000000000000.000000,2416348294839492300000000000000.000000
59.800000,146208297941769890000000000000000.000000,2706310090220231400000000000000.000000
59.900000,164849395604123270000000000000000.000000,3031067301046659200000000000000.000000
60.000000,185867174528412810000000000000000.000000,3394795377172258300000000000000.000000
60.100000,209564654092740710000000000000000.000000,3802170822432929200000000000000.000000
60.200000,236283487691883780000000000000000.000000,4258431321124880600000000000000.000000
60.300000,266408888452794350000000000000000.000000,4769443079659866200000000000000.000000
60.400000,300375182963288080000000000000000.000000,5341776249219049800000000000000.000000
60.500000,338672073083682960000000000000000.000000,5982789399125336300000000000000.000000
60.600000,381851696119714510000000000000000.000000,6700724127020376300000000000000.000000
60.700000,430536585145224550000000000000000.000000,7504811022262821300000000000000.000000
60.800000,485428644240978730000000000000000.000000,8405388344934360000000000000000.000000
60.900000,547319268048143040000000000000000.000000,9414034946326483100000000000000.000000
61.000000,617100751533012480000000000000000.000000,10543719139885661000000000000000.000000
61.100000,695779154460741350000000000000000.000000,11808965436671941000000000000000.000000
61.200000,784488806049038320000000000000000.000000,13226041289072574000000000000000.000000
61.300000,884508658919558300000000000000000.000000,14813166243761283000000000000000.000000
61.400000,997280728126502330000000000000000.000000,16590746193012636000000000000000.000000
61.500000,1124430881103407800000000000000000.000000,18581635736174153000000000000000.000000
61.600000,1267792278262721400000000000000000.000000,20811432024515051000000000000000.000000
61.700000,1429431802197868700000000000000000.000000,23308803867456859000000000000000.000000
61.800000,1611679856525514100000000000000000.000000,26105860331551682000000000000000.000000
61.900000,1817163963986425500000000000000000.000000,29238563571337884000000000000000.000000
62.000000,2048846648198202100000000000000000.000000,32747191199898431000000000000000.000000
62.100000,2310068145212407200000000000000000.000000,36676854143886242000000000000000.000000
62.200000,2604594560660808800000000000000000.000000,41078076641152590000000000000000.000000
62.300000,2936672166785842800000000000000000.000000,46007445838090901000000000000000.000000
62.400000,3311088622171788600000000000000000.000000,51528339338661807000000000000000.000000
62.500000,3733241996799001500000000000000000.000000,57711740059301228000000000000000.000000
62.600000,4209218597574795300000000000000000.000000,64637148866417378000000000000000.000000
62.700000,4745880716374890800000000000000000.000000,72393606730387464000000000000000.000000
62.800000,5350965565683986000000000000000000.000000,81080839538033957000000000000000.000000
62.900000,6033196828218374400000000000000000.000000,90810540282598028000000000000000.000000
63.000000,6802410428774826600000000000000000.000000,101707805116509800000000000000000.000000
63.100000,7669696341594362900000000000000000.000000,113912741730490980000000000000000.000000
63.200000,8647558477717539100000000000000000.000000,127582270738149900000000000000000.000000
63.300000,9750094957475108900000000000000000.000000,142892143226727880000000000000000.000000
63.400000,10993201367153025000000000000000000.000000,160039200413935220000000000000000.000000
63.500000,12394799930243180000000000000000000.000000,179243904463607430000000000000000.000000
63.600000,13975097897305516000000000000000000.000000,200753172999240340000000000000000.000000
63.700000,15756878879725368000000000000000000.000000,224843553759149190000000000000000.000000
63.800000,17765831327607993000000000000000000.000000,251824780210247100000000000000000.000000
63.900000,20030918887568344000000000000000000.000000,282043753835476740000000000000000.000000
64.000000,22584797979974938000000000000000000.000000,315889004295733940000000000000000.000000
64.100000,25464288615978105000000000000000000.000000,353795684811222000000000000000000.000000
64.200000,28710905242223983000000000000000000.000000,396251166988568620000000000000000.000000
64.300000,32371455266601015000000000000000000.000000,443801307027196860000000000000000.000000
64.400000,36498713894135413000000000000000000.000000,497057463870460460000000000000000.000000
64.500000,41152185002334280000000000000000000.000000,556704359534915710000000000000000.000000
64.600000,46398959025743457000000000000000000.000000,623508882679105580000000000000000.000000
64.700000,52314680218086439000000000000000000.000000,698329948600598200000000000000000.000000
64.800000,58984637237274569000000000000000000.000000,782129542432670030000000000000000.000000
64.900000,66504992776578039000000000000000000.000000,875985087524590370000000000000000.000000
65.000000,74984169969901207000000000000000000.000000,981103298027541160000000000000000.000000
65.100000,84544415559356757000000000000000000.000000,1098835693790846100000000000000000.000000
65.200000,95323562361792214000000000000000000.000000,1230695977045747700000000000000000.000000
65.300000,107477016444251480000000000000000000.000000,1378379494291237500000000000000000.000000
65.400000,121179997658038890000000000000000000.000000,1543785033606186000000000000000000.000000
65.500000,136630065833835570000000000000000000.000000,1729039237638928400000000000000000.000000
65.600000,154049969058730950000000000000000000.000000,1936523946155599900000000000000000.000000
65.700000,173690855099620180000000000000000000.000000,2168906819694272000000000000000000.000000
65.800000,195835892272952180000000000000000000.000000,2429175638057584700000000000000000.000000
65.900000,220804351963989230000000000000000000.000000,2720676714624494700000000000000000.000000
66.000000,248956211654423340000000000000000000.000000,3047157920379434300000000000000000.000000
66.100000,280697344821492240000000000000000000.000000,3412816870824966700000000000000000.000000
66.200000,316485372532919840000000000000000000.000000,3822354895323962600000000000000000.000000
66.300000,356836261101794520000000000000000000.000000,4281037482762838200000000000000000.000000
66.400000,402331760921631200000000000000000000.000000,4794761980694378700000000000000000.000000
66.500000,453627793729520930000000000000000000.000000,5370133418377704000000000000000000.000000
66.600000,511463909218935600000000000000000000.000000,6014549428583028500000000000000000.000000
66.700000,576673947340832150000000000000000000.000000,6736295360012991600000000000000000.000000
66.800000,650198060014632660000000000000000000.000000,7544650803214550100000000000000000.000000
66.900000,733096265569519510000000000000000000.000000,8450008899600295900000000000000000.000000
67.000000,826563731334235000000000000000000000.000000,9464009967552331600000000000000000.000000
67.100000,931948004709041800000000000000000000.000000,10599691163658610000000000000000000.000000
67.200000,1050768441145130500000000000000000000.000000,11871654103297643000000000000000000.000000
67.300000,1184738109130108700000000000000000000.000000,13296252595693359000000000000000000.000000
67.400000,1335788487990287400000000000000000000.000000,14891802907176563000000000000000000.000000
67.500000,1506097314585030500000000000000000000.000000,16678819256037749000000000000000000.000000
67.600000,1698119980366782300000000000000000000.000000,18680277566762279000000000000000000.000000
67.700000,1914624931467559500000000000000000000.000000,20921910874773750000000000000000000.000000
67.800000,2158733582185061200000000000000000000.000000,23432540179746599000000000000000000.000000
67.900000,2433965317312335100000000000000000000.000000,26244445001316190000000000000000000.000000
68.000000,2744288232123066500000000000000000000.000000,29393778401474130000000000000000000.000000
68.100000,3094176341545058500000000000000000000.000000,32921031809651026000000000000000000.000000
68.200000,3488674083323460100000000000000000000.000000,36871555626809149000000000000000000.000000
68.300000,3933469045133783300000000000000000000.000000,41296142302026250000000000000000000.000000
68.400000,4434973964173231400000000000000000000.000000,46251679378269401000000000000000000.000000
68.500000,5000419181441843900000000000000000000.000000,51801880903661727000000000000000000.000000
68.600000,5637956883652822800000000000000000000.000000,58018106612101135000000000000000000.000000
68.700000,6356778635658765000000000000000000000.000000,64980279405553272000000000000000000.000000
68.800000,7167247897892330100000000000000000000.000000,72777912934219662000000000000000000.000000
68.900000,8081049439362536800000000000000000000.000000,81511262486326019000000000000000000.000000
69.000000,9111357800338450900000000000000000000.000000,91292613984685147000000000000000000.000000
69.100000,10273027233494837000000000000000000000.000000,102247727662847360000000000000000000.000000
69.200000,11582805861954664000000000000000000000.000000,114517454982389050000000000000000000.000000
69.300000,13059577141808895000000000000000000000.000000,128259549580275730000000000000000000.000000
69.400000,14724632110347577000000000000000000000.000000,143650695529908820000000000000000000.000000
69.500000,16601976345081547000000000000000000000.000000,160888778993497870000000000000000000.000000
69.600000,18718676059074534000000000000000000000.000000,180195432472717610000000000000000000.000000
69.700000,21105248322340869000000000000000000000.000000,201818884369443710000000000000000000.000000
69.800000,23796101035240339000000000000000000000.000000,226037150493776950000000000000000000.000000
69.900000,26830028997097945000000000000000000000.000000,253161608553030200000000000000000000.000000
70.000000,30250773222011424000000000000000000000.000000,283541001579393840000000000000000000.000000
70.100000,34107651565659720000000000000000000000.000000,317565921768921100000000000000000000.000000
70.200000,38456269755047327000000000000000000000.000000,355673832381191630000000000000000000.000000
70.300000,43359323072303223000000000000000000000.000000,398354692266934650000000000000000000.000000
70.400000,48887500250635096000000000000000000000.000000,446157255338966830000000000000000000.000000
70.500000,55120502614177256000000000000000000000.000000,499696125979642880000000000000000000.000000
70.600000,62148193154957007000000000000000000000.000000,559659661097200050000000000000000000.000000
70.700000,70071892113561243000000000000000000000.000000,626818820428864040000000000000000000.000000
70.800000,79005837742250350000000000000000000000.000000,702037078880327760000000000000000000.000000
70.900000,89078833310777412000000000000000000000.000000,786281528345967150000000000000000000.000000
71.000000,100436104100266000000000000000000000000.000000,880635311747483170000000000000000000.000000
71.100000,113241391157948870000000000000000000000.000000,986311549157181150000000000000000000.000000
71.200000,127679311999054660000000000000000000000.000000,1104668935056042800000000000000000000.000000
71.300000,143958022290755580000000000000000000000.000000,1237229207262768000000000000000000000.000000
71.400000,162312216892421240000000000000000000000.000000,1385696712134300100000000000000000000.000000
71.500000,183006513519071950000000000000000000000.000000,1551980317590416100000000000000000000.000000
71.600000,206339267811273010000000000000000000000.000000,1738217955701266100000000000000000000.000000
71.700000,232646874814404990000000000000000000000.000000,1946804110385417900000000000000000000.000000
71.800000,262308618883020220000000000000000000000.000000,2180420603631667900000000000000000000.000000
71.900000,295752141932741010000000000000000000000.000000,2442071076067467900000000000000000000.000000
72.000000,333459608877023680000000000000000000000.000000,2735119605195564100000000000000000000.000000
72.100000,375974659137730560000000000000000000000.000000,3063333957819031700000000000000000000.000000
72.200000,423910244451422130000000000000000000000.000000,3430934032757315300000000000000000000.000000
72.300000,477957465971224060000000000000000000000.000000,3842646116688193300000000000000000000.000000
72.400000,538895538071406530000000000000000000000.000000,4303763650690776400000000000000000000.000000
72.500000,607603022505687250000000000000000000000.000000,4820215288773669900000000000000000000.000000
72.600000,685070494885277920000000000000000000000.000000,5398641123426510300000000000000000000.000000
72.700000,772414826093068200000000000000000000000.000000,6046478058237691600000000000000000000.000000
72.800000,870895284533169380000000000000000000000.000000,6772055425226215000000000000000000000.000000
72.900000,981931691366477500000000000000000000000.000000,7584702076253360500000000000000000000.000000
73.000000,1107124890481719600000000000000000000000.000000,8494866325403763300000000000000000000.000000
73.100000,1248279828323287900000000000000000000000.000000,9514250284452215000000000000000000000.000000
73.200000,1407431576324557100000000000000000000000.000000,10655960318586481000000000000000000000.000000
73.300000,1586874671119343000000000000000000000000.000000,11934675556816859000000000000000000000.000000
73.400000,1789196195538099400000000000000000000000.000000,13366836623634883000000000000000000000.000000
73.500000,2017313077327013100000000000000000000000.000000,14970857018471070000000000000000000000.000000
73.600000,2274514143336119400000000000000000000000.000000,16767359860687599000000000000000000000.000000
73.700000,2564507535484210700000000000000000000000.000000,18779443043970110000000000000000000000.000000
73.800000,2891474172110044300000000000000000000000.000000,21032976209246523000000000000000000000.000000
73.900000,3260128025477171700000000000000000000000.000000,23556933354356106000000000000000000000.000000
74.000000,3675784084471162200000000000000000000000.000000,26383765356878841000000000000000000000.000000
74.100000,4144434982326832200000000000000000000000.000000,29549817199704303000000000000000000000.000000
74.200000,4672837394148950500000000000000000000000.000000,33095795263668822000000000000000000000.000000
74.300000,5268609449845264500000000000000000000000.000000,37067290695309078000000000000000000000.000000
74.400000,5940340566901909300000000000000000000000.000000,41515365578746169000000000000000000000.000000
74.500000,6697715286491177000000000000000000000000.000000,46497209448195710000000000000000000000.000000
74.600000,7551652898293785200000000000000000000000.000000,52076874581979198000000000000000000000.000000
74.700000,8514464867046548100000000000000000000000.000000,58326099531816702000000000000000000000.000000
74.800000,9600032330478234700000000000000000000000.000000,65325231475634710000000000000000000000.000000
74.900000,10824006227674322000000000000000000000000.000000,73164259252710877000000000000000000000.000000
75.000000,12204032943178407000000000000000000000000.000000,81943970363036181000000000000000000000.000000
75.100000,13760008720004700000000000000000000000000.000000,91777246806600517000000000000000000000.000000
75.200000,15514366509509904000000000000000000000000.000000,102790516423392580000000000000000000000.000000
75.300000,17492399393721004000000000000000000000000.000000,115125378394199680000000000000000000000.000000
75.400000,19722625242989501000000000000000000000000.000000,128940423801503630000000000000000000000.000000
75.500000,22237197866350681000000000000000000000000.000000,144413274657684070000000000000000000000.000000
75.600000,25072370582257764000000000000000000000000.000000,161742867616606160000000000000000000000.000000
75.700000,28269018893127116000000000000000000000000.000000,181152011730598910000000000000000000000.000000
75.800000,31873229799238856000000000000000000000000.000000,202890253138270760000000000000000000000.000000
75.900000,35936966248307395000000000000000000000000.000000,227237083514863250000000000000000000000.000000
76.000000,40518816300281063000000000000000000000000.000000,254505533536646830000000000000000000000.000000
76.100000,45684837808290193000000000000000000000000.000000,285046197561044450000000000000000000000.000000
76.200000,51509510793761118000000000000000000000000.000000,319251741268369770000000000000000000000.000000
76.300000,58076811246359798000000000000000000000000.000000,357561950220574120000000000000000000000.000000
76.400000,65481421830040641000000000000000000000000.000000,400469384247043040000000000000000000000.000000
76.500000,73830096950311114000000000000000000000000.000000,448525710356688240000000000000000000000.000000
76.600000,83243201863276222000000000000000000000000.000000,502348795599490810000000000000000000000.000000
76.700000,93856448016230790000000000000000000000000.000000,562630651071429710000000000000000000000.000000
76.800000,105822849638722520000000000000000000000000.000000,630146329200001260000000000000000000000.000000
76.900000,119314929792817870000000000000000000000000.000000,705763888704001430000000000000000000000.000000
77.000000,134527207687817010000000000000000000000000.000000,790455555348481530000000000000000000000.000000
77.100000,151679003119776990000000000000000000000000.000000,885310221990299380000000000000000000000.000000
77.200000,171017598468247630000000000000000000000000.000000,991547448629135300000000000000000000000.000000
77.300000,192821803837615920000000000000000000000000.000000,1110533142464631500000000000000000000000.000000
77.400000,217405976742765840000000000000000000000000.000000,1243797119560387200000000000000000000000.000000
77.500000,245124554292008590000000000000000000000000.000000,1393052773907633600000000000000000000000.000000
77.600000,276377163209038660000000000000000000000000.000000,1560219106776549600000000000000000000000.000000
77.700000,311614381366627350000000000000000000000000.000000,1747445399589735600000000000000000000000.000000
77.800000,351344233897728800000000000000000000000000.000000,1957138847540504000000000000000000000000.000000
77.900000,396139517540258760000000000000000000000000.000000,2191995509245364600000000000000000000000.000000
78.000000,446646058812816660000000000000000000000000.000000,2455034970354808300000000000000000000000.000000
78.100000,503592025081782560000000000000000000000000.000000,2749639166797385500000000000000000000000.000000
78.200000,567798422760194440000000000000000000000000.000000,3079595866813071800000000000000000000000.000000
78.300000,640190933993857420000000000000000000000000.000000,3449147370830640400000000000000000000000.000000
78.400000,721813262487727270000000000000000000000000.000000,3863045055330317200000000000000000000000.000000
78.500000,813842180883153600000000000000000000000000.000000,4326610461969955100000000000000000000000.000000
78.600000,917604496628252550000000000000000000000000.000000,4845803717406349700000000000000000000000.000000
78.700000,1034596180943422600000000000000000000000000.000000,5427300163495112000000000000000000000000.000000
78.800000,1166503936669760400000000000000000000000000.000000,6078576183114525400000000000000000000000.000000
78.900000,1315229515950108300000000000000000000000000.000000,6808005325088268200000000000000000000000.000000
79.000000,1482917138337999200000000000000000000000000.000000,7624965964098860900000000000000000000000.000000
79.100000,1671984404629198900000000000000000000000000.000000,8539961879790724300000000000000000000000.000000
79.200000,1885157152109247200000000000000000000000000.000000,9564757305365611600000000000000000000000.000000
79.300000,2125508753735498100000000000000000000000000.000000,10712528182009485000000000000000000000000.000000
79.400000,2396504427841187500000000000000000000000000.000000,11998031563850624000000000000000000000000.000000
79.500000,2702051197186984300000000000000000000000000.000000,13437795351512699000000000000000000000000.000000
79.600000,3046554217634577900000000000000000000000000.000000,15050330793694222000000000000000000000000.000000
79.700000,3434980288548870300000000000000000000000000.000000,16856370488937529000000000000000000000000.000000
79.800000,3872929460576084300000000000000000000000000.000000,18879134947610032000000000000000000000000.000000
79.900000,4366715773188503100000000000000000000000000.000000,21144631141323235000000000000000000000000.000000
80.000000,4923458286012058600000000000000000000000000.000000,23681986878282024000000000000000000000000.000000
80.100000,5551183716361010300000000000000000000000000.000000,26523825303675868000000000000000000000000.000000
80.200000,6258942162735676400000000000000000000000000.000000,29706684340116972000000000000000000000000.000000
80.300000,7056937582701915700000000000000000000000000.000000,33271486460931010000000000000000000000000.000000
80.400000,7956674906288616700000000000000000000000000.000000,37264064836242730000000000000000000000000.000000
80.500000,8971125905881080300000000000000000000000000.000000,41735752616591857000000000000000000000000.000000
80.600000,10114916214002994000000000000000000000000000.000000,46744042930582878000000000000000000000000.000000
80.700000,11404536185277606000000000000000000000000000.000000,52353328082252828000000000000000000000000.000000
80.800000,12858578642623623000000000000000000000000000.000000,58635727452123169000000000000000000000000.000000
80.900000,14498006935343796000000000000000000000000000.000000,65672014746377946000000000000000000000000.000000
81.000000,16346457173776158000000000000000000000000000.000000,73552656515943303000000000000000000000000.000000
81.100000,18430578997909801000000000000000000000000000.000000,82378975297856496000000000000000000000000.000000
81.200000,20780419792928066000000000000000000000000000.000000,92264452333599275000000000000000000000000.000000
81.300000,23429857891024243000000000000000000000000000.000000,103336186613631190000000000000000000000000.000000
81.400000,26417091005082145000000000000000000000000000.000000,115736529007266940000000000000000000000000.000000
81.500000,29785186936115674000000000000000000000000000.000000,129624912488138960000000000000000000000000.000000
81.600000,33582704494173724000000000000000000000000000.000000,145179901986715630000000000000000000000000.000000
81.700000,37864393584701598000000000000000000000000000.000000,162601490225121510000000000000000000000000.000000
81.800000,42691984553712947000000000000000000000000000.000000,182113669052136080000000000000000000000000.000000
81.900000,48135078171986907000000000000000000000000000.000000,203967309338392420000000000000000000000000.000000
82.000000,54272149089442617000000000000000000000000000.000000,228443386458999500000000000000000000000000.000000
82.100000,61191677226792434000000000000000000000000000.000000,255856592834079430000000000000000000000000.000000
82.200000,68993423416070166000000000000000000000000000.000000,286559383974168980000000000000000000000000.000000
82.300000,77789867681302246000000000000000000000000000.000000,320946510051069270000000000000000000000000.000000
82.400000,87707830895443657000000000000000000000000000.000000,359460091257197600000000000000000000000000.000000
82.500000,98890303193469470000000000000000000000000000.000000,402595302208061320000000000000000000000000.000000
82.600000,111498505502367210000000000000000000000000000.000000,450906738473028640000000000000000000000000.000000
82.700000,125714213909723520000000000000000000000000000.000000,505015547089792040000000000000000000000000.000000
82.800000,141742380381990050000000000000000000000000000.000000,565617412740567080000000000000000000000000.000000
82.900000,159814087616060780000000000000000000000000000.000000,633491502269435150000000000000000000000000.000000
83.000000,180189880625139850000000000000000000000000000.000000,709510482541767440000000000000000000000000.000000
83.100000,203163523091306760000000000000000000000000000.000000,794651740446779600000000000000000000000000.000000
83.200000,229066232641223200000000000000000000000000000.000000,890009949300393120000000000000000000000000.000000
83.300000,258271456106129130000000000000000000000000000.000000,996811143216440370000000000000000000000000.000000
83.400000,291200253612478690000000000000000000000000000.000000,1116428480402413300000000000000000000000000.000000
83.500000,328327369127186970000000000000000000000000000.000000,1250399898050702900000000000000000000000000.000000
83.600000,370188074978244500000000000000000000000000000.000000,1400447885816787200000000000000000000000000.000000
83.700000,417385889030196460000000000000000000000000000.000000,1568501632114801600000000000000000000000000.000000
83.800000,470601275775207320000000000000000000000000000.000000,1756721827968577600000000000000000000000000.000000
83.900000,530601456785786200000000000000000000000000000.000000,1967528447324806900000000000000000000000000.000000
84.000000,598251471969398300000000000000000000000000000.000000,2203631861003783600000000000000000000000000.000000
84.100000,674526651098226830000000000000000000000000000.000000,2468067684324237800000000000000000000000000.000000
84.200000,760526675419634180000000000000000000000000000.000000,2764235806443146300000000000000000000000000.000000
84.300000,857491432077759030000000000000000000000000000.000000,3095944103216323800000000000000000000000000.000000
84.400000,966818889923967790000000000000000000000000000.000000,3467457395602282800000000000000000000000000.000000
84.500000,1090085254436745600000000000000000000000000000.000000,3883552283074556600000000000000000000000000.000000
84.600000,1229067692330521400000000000000000000000000000.000000,4349578557043503200000000000000000000000000.000000
84.700000,1385769953480598100000000000000000000000000000.000000,4871527983888723700000000000000000000000000.000000
84.800000,1562451259562679300000000000000000000000000000.000000,5456111341955370400000000000000000000000000.000000
84.900000,1761658875903133800000000000000000000000000000.000000,6110844702990015300000000000000000000000000.000000
85.000000,1986264836137654400000000000000000000000000000.000000,6844146067348817500000000000000000000000000.000000
85.100000,2239507349148039800000000000000000000000000000.000000,7665443595430675200000000000000000000000000.000000
85.200000,2525037485253264200000000000000000000000000000.000000,8585296826882356600000000000000000000000000.000000
85.300000,2846971814742972500000000000000000000000000000.000000,9615532446108239900000000000000000000000000.000000
85.400000,3209951757657938100000000000000000000000000000.000000,10769396339641228000000000000000000000000000.000000
85.500000,3619210500481024300000000000000000000000000000.000000,12061723900398175000000000000000000000000000.000000
85.600000,4080648444495332200000000000000000000000000000.000000,13509130768445955000000000000000000000000000.000000
85.700000,4600918273570784600000000000000000000000000000.000000,15130226460659469000000000000000000000000000.000000
85.800000,5187520867825099800000000000000000000000000000.000000,16945853635938606000000000000000000000000000.000000
85.900000,5848913445975054500000000000000000000000000000.000000,18979356072251239000000000000000000000000000.000000
86.000000,6594631495497180900000000000000000000000000000.000000,21256878800921387000000000000000000000000000.000000
86.100000,7435426248499294100000000000000000000000000000.000000,23807704257031954000000000000000000000000000.000000
86.200000,8383419685333521900000000000000000000000000000.000000,26664628767875788000000000000000000000000000.000000
86.300000,9452279300682149600000000000000000000000000000.000000,29864384220020882000000000000000000000000000.000000
86.400000,10657415151768074000000000000000000000000000000.000000,33448110326423386000000000000000000000000000.000000
86.500000,12016202029592722000000000000000000000000000000.000000,37461883565594194000000000000000000000000000.000000
86.600000,13548229956307559000000000000000000000000000000.000000,41957309593465495000000000000000000000000000.000000
86.700000,15275586620210225000000000000000000000000000000.000000,46992186744681353000000000000000000000000000.000000
86.800000,17223175820314899000000000000000000000000000000.000000,52631249154043114000000000000000000000000000.000000
86.900000,19419076511603169000000000000000000000000000000.000000,58946999052528292000000000000000000000000000.000000
87.000000,21894947627411677000000000000000000000000000000.000000,66020638938831686000000000000000000000000000.000000
87.100000,24686484515401751000000000000000000000000000000.000000,73943115611491484000000000000000000000000000.000000
87.200000,27833933567678606000000000000000000000000000000.000000,82816289484870461000000000000000000000000000.000000
87.300000,31382672464627273000000000000000000000000000000.000000,92754244223054916000000000000000000000000000.000000
87.400000,35383864398013675000000000000000000000000000000.000000,103884753529821500000000000000000000000000000.000000
87.500000,39895195705472156000000000000000000000000000000.000000,116350923953400090000000000000000000000000000.000000
87.600000,44981707551063091000000000000000000000000000000.000000,130313034827808100000000000000000000000000000.000000
87.700000,50716733642487378000000000000000000000000000000.000000,145950599007145080000000000000000000000000000.000000
87.800000,57182957504294579000000000000000000000000000000.000000,163464670888002490000000000000000000000000000.000000
87.900000,64473604550089667000000000000000000000000000000.000000,183080431394562800000000000000000000000000000.000000
88.000000,72693786140200135000000000000000000000000000000.000000,205050083161910340000000000000000000000000000.000000
88.100000,81962015002459318000000000000000000000000000000.000000,229656093141339600000000000000000000000000000.000000
88.200000,92411913864374846000000000000000000000000000000.000000,257214824318300350000000000000000000000000000.000000
88.300000,104194141930507570000000000000000000000000000000.000000,288080603236496390000000000000000000000000000.000000
88.400000,117478566979660770000000000000000000000000000000.000000,322650275624875980000000000000000000000000000.000000
88.500000,132456714397624920000000000000000000000000000000.000000,361368308699861070000000000000000000000000000.000000
88.600000,149344528453871340000000000000000000000000000000.000000,404732505743844380000000000000000000000000000.000000
88.700000,168385485632344800000000000000000000000000000000.000000,453300406433105680000000000000000000000000000.000000
88.800000,189854104902133800000000000000000000000000000000.000000,507696455205078380000000000000000000000000000.000000
88.900000,214059905536577370000000000000000000000000000000.000000,568620029829687800000000000000000000000000000.000000
89.000000,241351869541867230000000000000000000000000000000.000000,636854433409250350000000000000000000000000000.000000
89.100000,272123473031252720000000000000000000000000000000.000000,713276965418360410000000000000000000000000000.000000
89.200000,306818359083584010000000000000000000000000000000.000000,798870201268563630000000000000000000000000000.000000
89.300000,345936733873487960000000000000000000000000000000.000000,894734625420791340000000000000000000000000000.000000
89.400000,390042578288011820000000000000000000000000000000.000000,1002102780471286300000000000000000000000000000.000000
89.500000,439771779001637440000000000000000000000000000000.000000,1122355114127840600000000000000000000000000000.000000
89.600000,495841296237802430000000000000000000000000000000.000000,1257037727823181600000000000000000000000000000.000000
89.700000,559059500391161310000000000000000000000000000000.000000,1407882255161963400000000000000000000000000000.000000
89.800000,630337826536575980000000000000000000000000000000.000000,1576828125781399200000000000000000000000000000.000000
89.900000,710703914851369200000000000000000000000000000000.000000,1766047500875167200000000000000000000000000000.000000
90.000000,801316426400059090000000000000000000000000000000.000000,1977973200980187100000000000000000000000000000.000000
90.100000,903481747884907310000000000000000000000000000000.000000,2215329985097809700000000000000000000000000000.000000
90.200000,1018672826199668800000000000000000000000000000000.000000,2481169583309546800000000000000000000000000000.000000
90.300000,1148550404329580000000000000000000000000000000000.000000,2778909933306692500000000000000000000000000000.000000
90.400000,1294986964761826400000000000000000000000000000000.000000,3112379125303495600000000000000000000000000000.000000
90.500000,1460093725605297800000000000000000000000000000000.000000,3485864620339915000000000000000000000000000000.000000
90.600000,1646251078630758200000000000000000000000000000000.000000,3904168374780705100000000000000000000000000000.000000
90.700000,1856142908065339400000000000000000000000000000000.000000,4372668579754389800000000000000000000000000000.000000
90.800000,2092795284925066400000000000000000000000000000000.000000,4897388809324916700000000000000000000000000000.000000
90.900000,2359620094753151800000000000000000000000000000000.000000,5485075466443907000000000000000000000000000000.000000
91.000000,2660464227757618800000000000000000000000000000000.000000,6143284522417175200000000000000000000000000000.000000
91.100000,2999665040536284100000000000000000000000000000000.000000,6880478665107235800000000000000000000000000000.000000
91.200000,3382112888997348100000000000000000000000000000000.000000,7706136104920103700000000000000000000000000000.000000
91.300000,3813321634030553600000000000000000000000000000000.000000,8630872437510515600000000000000000000000000000.000000
91.400000,4299508136428989200000000000000000000000000000000.000000,9666577130011777300000000000000000000000000000.000000
91.500000,4847681887163546700000000000000000000000000000000.000000,10826566385613191000000000000000000000000000000.000000
91.600000,5465746065235290500000000000000000000000000000000.000000,12125754351886774000000000000000000000000000000.000000
91.700000,6162611480085179000000000000000000000000000000000.000000,13580844874113186000000000000000000000000000000.000000
91.800000,6948325041302888300000000000000000000000000000000.000000,15210546259006768000000000000000000000000000000.000000
91.900000,7834214607819177900000000000000000000000000000000.000000,17035811810087580000000000000000000000000000000.000000
92.000000,8833052304913315700000000000000000000000000000000.000000,19080109227298091000000000000000000000000000000.000000
92.100000,9959238663625615100000000000000000000000000000000.000000,21369722334573861000000000000000000000000000000.000000
92.200000,11229010237365521000000000000000000000000000000000.000000,23934089014722726000000000000000000000000000000.000000
92.300000,12660673688982260000000000000000000000000000000000.000000,26806179696489451000000000000000000000000000000.000000
92.400000,14274869723201201000000000000000000000000000000000.000000,30022921260068184000000000000000000000000000000.000000
92.500000,16094870669615182000000000000000000000000000000000.000000,33625671811276364000000000000000000000000000000.000000
92.600000,18146916006568437000000000000000000000000000000000.000000,37660752428629528000000000000000000000000000000.000000
92.700000,20460590663281382000000000000000000000000000000000.000000,42180042720065070000000000000000000000000000000.000000
92.800000,23069251554303906000000000000000000000000000000000.000000,47241647846472876000000000000000000000000000000.000000
92.900000,26010508495770388000000000000000000000000000000000.000000,52910645588049623000000000000000000000000000000.000000
93.000000,29326766436959851000000000000000000000000000000000.000000,59259923058615574000000000000000000000000000000.000000
93.100000,33065836824675619000000000000000000000000000000000.000000,66371113825649444000000000000000000000000000000.000000
93.200000,37281626914659310000000000000000000000000000000000.000000,74335647484727372000000000000000000000000000000.000000
93.300000,42034916968035475000000000000000000000000000000000.000000,83255925182894657000000000000000000000000000000.000000
93.400000,47394236537860015000000000000000000000000000000000.000000,93246636204842019000000000000000000000000000000.000000
93.500000,53436852479445626000000000000000000000000000000000.000000,104436232549423050000000000000000000000000000000.000000
93.600000,60249882928886766000000000000000000000000000000000.000000,116968580455353830000000000000000000000000000000.000000
93.700000,67931553310345149000000000000000000000000000000000.000000,131004810109996290000000000000000000000000000000.000000
93.800000,76592612480311015000000000000000000000000000000000.000000,146725387323195840000000000000000000000000000000.000000
93.900000,86357929425790253000000000000000000000000000000000.000000,164332433801979340000000000000000000000000000000.000000
94.000000,97368293536491494000000000000000000000000000000000.000000,184052325858216870000000000000000000000000000000.000000
94.100000,109782444406051140000000000000000000000000000000000.000000,206138604961202900000000000000000000000000000000.000000
94.200000,123779360426511070000000000000000000000000000000000.000000,230875237556547260000000000000000000000000000000.000000
94.300000,139560839171398650000000000000000000000000000000000.000000,258580266063332950000000000000000000000000000000.000000
94.400000,157354406769528300000000000000000000000000000000000.000000,289609897990932910000000000000000000000000000000.000000
94.500000,177416598214784350000000000000000000000000000000000.000000,324363085749844870000000000000000000000000000000.000000
94.600000,200036655905090510000000000000000000000000000000000.000000,363286656039826240000000000000000000000000000000.000000
94.700000,225540699733457510000000000000000000000000000000000.000000,406881054764605350000000000000000000000000000000.000000
94.800000,254296428852483800000000000000000000000000000000000.000000,455706781336357950000000000000000000000000000000.000000
94.900000,286718422899051420000000000000000000000000000000000.000000,510391595096720920000000000000000000000000000000.000000
95.000000,323274119108485930000000000000000000000000000000000.000000,571638586508327400000000000000000000000000000000.000000
95.100000,364490551491915630000000000000000000000000000000000.000000,640235216889326660000000000000000000000000000000.000000
95.200000,410961949237567070000000000000000000000000000000000.000000,717063442916045820000000000000000000000000000000.000000
95.300000,463358303884275620000000000000000000000000000000000.000000,803111056065971270000000000000000000000000000000.000000
95.400000,522435028782682670000000000000000000000000000000000.000000,899484382793887900000000000000000000000000000000.000000
95.500000,589043850107257930000000000000000000000000000000000.000000,1007422508729154400000000000000000000000000000000.000000
95.600000,664145086438120540000000000000000000000000000000000.000000,1128313209776653000000000000000000000000000000000.000000
95.700000,748821493950896660000000000000000000000000000000000.000000,1263710794949851400000000000000000000000000000000.000000
95.800000,844293876824604380000000000000000000000000000000000.000000,1415356090343833600000000000000000000000000000000.000000
95.900000,951938687927477480000000000000000000000000000000000.000000,1585198821185093700000000000000000000000000000000.000000
96.000000,1073307873534837400000000000000000000000000000000000.000000,1775422679727304900000000000000000000000000000000.000000
96.100000,1210151248185889500000000000000000000000000000000000.000000,1988473401294581600000000000000000000000000000000.000000
96.200000,1364441722264428900000000000000000000000000000000000.000000,2227090209449931400000000000000000000000000000000.000000
96.300000,1538403746016691500000000000000000000000000000000000.000000,2494341034583923200000000000000000000000000000000.000000
96.400000,1734545380091745000000000000000000000000000000000000.000000,2793661958733994000000000000000000000000000000000.000000
96.500000,1955694454974975200000000000000000000000000000000000.000000,3128901393782073600000000000000000000000000000000.000000
96.600000,2205039340635537600000000000000000000000000000000000.000000,3504369561035922500000000000000000000000000000000.000000
96.700000,2486174914175242300000000000000000000000000000000000.000000,3924893908360233400000000000000000000000000000000.000000
96.800000,2803154388208183000000000000000000000000000000000000.000000,4395881177363461100000000000000000000000000000000.000000
96.900000,3160547747195651900000000000000000000000000000000000.000000,4923386918647076600000000000000000000000000000000.000000
97.000000,3563507634229402500000000000000000000000000000000000.000000,5514193348884726000000000000000000000000000000000.000000
97.100000,4017843638172681400000000000000000000000000000000000.000000,6175896550750893500000000000000000000000000000000.000000
97.200000,4530106052177943500000000000000000000000000000000000.000000,6917004136841001300000000000000000000000000000000.000000
97.300000,5107680311151329700000000000000000000000000000000000.000000,7747044633261922000000000000000000000000000000000.000000
97.400000,5758893469697034000000000000000000000000000000000000.000000,8676689989253352400000000000000000000000000000000.000000
97.500000,6493134255664462800000000000000000000000000000000000.000000,9717892787963755000000000000000000000000000000000.000000
97.600000,7320988430143907800000000000000000000000000000000000.000000,10884039922519405000000000000000000000000000000000.000000
97.700000,8254391405436328900000000000000000000000000000000000.000000,12190124713221735000000000000000000000000000000000.000000
97.800000,9306800321333229100000000000000000000000000000000000.000000,13652939678808344000000000000000000000000000000000.000000
97.900000,10493388060581186000000000000000000000000000000000000.000000,15291292440265345000000000000000000000000000000000.000000
98.000000,11831262000705951000000000000000000000000000000000000.000000,17126247533097187000000000000000000000000000000000.000000
98.100000,13339710656006535000000000000000000000000000000000000.000000,19181397237068850000000000000000000000000000000000.000000
98.200000,15040481765627287000000000000000000000000000000000000.000000,21483164905517113000000000000000000000000000000000.000000
98.300000,16958095836981852000000000000000000000000000000000000.000000,24061144694179168000000000000000000000000000000000.000000
98.400000,19120199664978171000000000000000000000000000000000000.000000,26948482057480670000000000000000000000000000000000.000000
98.500000,21557964923832018000000000000000000000000000000000000.000000,30182299904378350000000000000000000000000000000000.000000
98.600000,24306537578079326000000000000000000000000000000000000.000000,33804175892903751000000000000000000000000000000000.000000
98.700000,27405544592079957000000000000000000000000000000000000.000000,37860677000052204000000000000000000000000000000000.000000
98.800000,30899665243388482000000000000000000000000000000000000.000000,42403958240058470000000000000000000000000000000000.000000
98.900000,34839275276777329000000000000000000000000000000000000.000000,47492433228865487000000000000000000000000000000000.000000
99.000000,39281173185873246000000000000000000000000000000000000.000000,53191525216329351000000000000000000000000000000000.000000
99.100000,44289399093416479000000000000000000000000000000000000.000000,59574508242288877000000000000000000000000000000000.000000
99.200000,49936158036169758000000000000000000000000000000000000.000000,66723449231363541000000000000000000000000000000000.000000
99.300000,56302860965751004000000000000000000000000000000000000.000000,74730263139127164000000000000000000000000000000000.000000
99.400000,63481298473795873000000000000000000000000000000000000.000000,83697894715822423000000000000000000000000000000000.000000
99.500000,71574964163375797000000000000000000000000000000000000.000000,93741642081721118000000000000000000000000000000000.000000
99.600000,80700546746112071000000000000000000000000000000000000.000000,104990639131527650000000000000000000000000000000000.000000
99.700000,90989612376976007000000000000000000000000000000000000.000000,117589515827310970000000000000000000000000000000000.000000
99.800000,102590501481468700000000000000000000000000000000000000.000000,131700257726588280000000000000000000000000000000000.000000
99.900000,115670467422304110000000000000000000000000000000000000.000000,147504288653778870000000000000000000000000000000000.000000
