0.000000,10.000000,10.000000
0.001000,10.010805,10.010800
0.002000,10.021621,10.021610
0.003000,10.032447,10.032431
0.004000,10.043283,10.043262
0.005000,10.054130,10.054104
0.006000,10.064987,10.064956
0.007000,10.075854,10.075818
0.008000,10.086732,10.086691
0.009000,10.097621,10.097574
0.010000,10.108520,10.108467
0.011000,10.119429,10.119371
0.012000,10.130349,10.130286
0.013000,10.141279,10.141211
0.014000,10.152219,10.152146
0.015000,10.163170,10.163092
0.016000,10.174132,10.174048
0.017000,10.185104,10.185015
0.018000,10.196087,10.195992
0.019000,10.207080,10.206980
0.020000,10.218083,10.217978
0.021000,10.229097,10.228986
0.022000,10.240122,10.240006
0.023000,10.251157,10.251035
0.024000,10.262202,10.262076
0.025000,10.273259,10.273126
0.026000,10.284325,10.284188
0.027000,10.295403,10.295260
0.028000,10.306490,10.306342
0.029000,10.317589,10.317435
0.030000,10.328698,10.328538
0.031000,10.339817,10.339653
0.032000,10.350947,10.350777
0.033000,10.362088,10.361913
0.034000,10.373239,10.373058
0.035000,10.384401,10.384215
0.036000,10.395574,10.395382
0.037000,10.406757,10.406560
0.038000,10.417951,10.417748
0.039000,10.429155,10.428947
0.040000,10.440371,10.440156
0.041000,10.451596,10.451377
0.042000,10.462833,10.462608
0.043000,10.474080,10.473849
0.044000,10.485338,10.485101
0.045000,10.496606,10.496364
0.046000,10.507885,10.507638
0.047000,10.519175,10.518922
0.048000,10.530475,10.530217
0.049000,10.541787,10.541523
0.050000,10.553109,10.552839
0.051000,10.564441,10.564166
0.052000,10.575785,10.575504
0.053000,10.587139,10.586852
0.054000,10.598504,10.598211
0.055000,10.609879,10.609581
0.056000,10.621266,10.620962
0.057000,10.632663,10.632354
0.058000,10.644071,10.643756
0.059000,10.655490,10.655169
0.060000,10.666919,10.666593
0.061000,10.678359,10.678027
0.062000,10.689811,10.689473
0.063000,10.701273,10.700929
0.064000,10.712745,10.712396
0.065000,10.724229,10.723874
0.066000,10.735723,10.735362
0.067000,10.747228,10.746862
0.068000,10.758744,10.758372
0.069000,10.770271,10.769893
0.070000,10.781809,10.781425
0.071000,10.793358,10.792968
0.072000,10.804917,10.804522
0.073000,10.816488,10.816086
0.074000,10.828069,10.827662
0.075000,10.839661,10.839248
0.076000,10.851264,10.850845
0.077000,10.862878,10.862454
0.078000,10.874503,10.874073
0.079000,10.886139,10.885702
0.080000,10.897786,10.897343
0.081000,10.909443,10.908995
0.082000,10.921112,10.920658
0.083000,10.932791,10.932332
0.084000,10.944482,10.944016
0.085000,10.956183,10.955712
0.086000,10.967896,10.967418
0.087000,10.979619,10.979136
0.088000,10.991354,10.990864
0.089000,11.003099,11.002604
0.090000,11.014856,11.014354
0.091000,11.026623,11.026115
0.092000,11.038401,11.037888
0.093000,11.050191,11.049671
0.094000,11.061991,11.061466
0.095000,11.073803,11.073271
0.096000,11.085625,11.085088
0.097000,11.097459,11.096915
0.098000,11.109303,11.108754
0.099000,11.121159,11.120604
0.100000,11.133026,11.132464
0.101000,11.144904,11.144336
0.102000,11.156793,11.156219
0.103000,11.168693,11.168113
0.104000,11.180604,11.180018
0.105000,11.192526,11.191934
0.106000,11.204459,11.203861
0.107000,11.216404,11.215800
0.108000,11.228359,11.227749
0.109000,11.240326,11.239710
0.110000,11.252304,11.251681
0.111000,11.264293,11.263664
0.112000,11.276293,11.275658
0.113000,11.288304,11.287663
0.114000,11.300327,11.299679
0.115000,11.312360,11.311707
0.116000,11.324405,11.323745
0.117000,11.336461,11.335795
0.118000,11.348528,11.347856
0.119000,11.360607,11.359928
0.120000,11.372696,11.372012
0.121000,11.384797,11.384106
0.122000,11.396909,11.396212
0.123000,11.409032,11.408329
0.124000,11.421167,11.420457
0.125000,11.433312,11.432596
0.126000,11.445469,11.444747
0.127000,11.457637,11.456909
0.128000,11.469817,11.469082
0.129000,11.482008,11.481267
0.130000,11.494210,11.493462
0.131000,11.506423,11.505669
0.132000,11.518648,11.517887
0.133000,11.530883,11.530117
0.134000,11.543131,11.542358
0.135000,11.555389,11.554610
0.136000,11.567659,11.566873
0.137000,11.579940,11.579148
0.138000,11.592232,11.591434
0.139000,11.604536,11.603732
0.140000,11.616851,11.616040
0.141000,11.629178,11.628360
0.142000,11.641516,11.640692
0.143000,11.653865,11.653034
0.144000,11.666225,11.665389
0.145000,11.678597,11.677754
0.146000,11.690981,11.690131
0.147000,11.703375,11.702519
0.148000,11.715782,11.714919
0.149000,11.728199,11.727330
0.150000,11.740628,11.739752
0.151000,11.753068,11.752186
0.152000,11.765520,11.764631
0.153000,11.777983,11.777088
0.154000,11.790458,11.789556
0.155000,11.802944,11.802036
0.156000,11.815442,11.814527
0.157000,11.827951,11.827029
0.158000,11.840471,11.839543
0.159000,11.853003,11.852068
0.160000,11.865547,11.864605
0.161000,11.878101,11.877154
0.162000,11.890668,11.889713
0.163000,11.903246,11.902285
0.164000,11.915835,11.914867
0.165000,11.928436,11.927462
0.166000,11.941048,11.940067
0.167000,11.953672,11.952685
0.168000,11.966308,11.965314
0.169000,11.978955,11.977954
0.170000,11.991614,11.990606
0.171000,12.004284,12.003269
0.172000,12.016965,12.015944
0.173000,12.029659,12.028631
0.174000,12.042363,12.041329
0.175000,12.055080,12.054038
0.176000,12.067808,12.066760
0.177000,12.080547,12.079493
0.178000,12.093299,12.092237
0.179000,12.106061,12.104993
0.180000,12.118836,12.117761
0.181000,12.131622,12.130540
0.182000,12.144419,12.143331
0.183000,12.157229,12.156133
0.184000,12.170050,12.168947
0.185000,12.182882,12.181773
0.186000,12.195726,12.194610
0.187000,12.208582,12.207459
0.188000,12.221450,12.220320
0.189000,12.234329,12.233192
0.190000,12.247220,12.246076
0.191000,12.260122,12.258972
0.192000,12.273037,12.271880
0.193000,12.285963,12.284799
0.194000,12.298900,12.297729
0.195000,12.311850,12.310672
0.196000,12.324811,12.323626
0.197000,12.337784,12.336592
0.198000,12.350768,12.349570
0.199000,12.363765,12.362559
0.200000,12.376773,12.375560
0.201000,12.389792,12.388573
0.202000,12.402824,12.401597
0.203000,12.415867,12.414634
0.204000,12.428922,12.427682
0.205000,12.441989,12.440742
0.206000,12.455068,12.453813
0.207000,12.468158,12.466897
0.208000,12.481260,12.479992
0.209000,12.494375,12.493099
0.210000,12.507500,12.506218
0.211000,12.520638,12.519348
0.212000,12.533788,12.532491
0.213000,12.546949,12.545645
0.214000,12.560122,12.558811
0.215000,12.573307,12.571989
0.216000,12.586504,12.585178
0.217000,12.599712,12.598380
0.218000,12.612933,12.611593
0.219000,12.626165,12.624819
0.220000,12.639410,12.638056
0.221000,12.652666,12.651305
0.222000,12.665934,12.664566
0.223000,12.679214,12.677839
0.224000,12.692506,12.691123
0.225000,12.705810,12.704420
0.226000,12.719125,12.717728
0.227000,12.732453,12.731049
0.228000,12.745792,12.744381
0.229000,12.759144,12.757725
0.230000,12.772507,12.771081
0.231000,12.785883,12.784450
0.232000,12.799270,12.797830
0.233000,12.812669,12.811222
0.234000,12.826080,12.824625
0.235000,12.839503,12.838041
0.236000,12.852939,12.851469
0.237000,12.866386,12.864909
0.238000,12.879845,12.878361
0.239000,12.893316,12.891825
0.240000,12.906799,12.905301
0.241000,12.920294,12.918788
0.242000,12.933801,12.932288
0.243000,12.947321,12.945800
0.244000,12.960852,12.959324
0.245000,12.974395,12.972860
0.246000,12.987950,12.986408
0.247000,13.001518,12.999967
0.248000,13.015097,13.013539
0.249000,13.028689,13.027123
0.250000,13.042292,13.040720
0.251000,13.055908,13.054328
0.252000,13.069535,13.067948
0.253000,13.083175,13.081580
0.254000,13.096827,13.095225
0.255000,13.110491,13.108881
0.256000,13.124167,13.122549
0.257000,13.137855,13.136230
0.258000,13.151555,13.149923
0.259000,13.165267,13.163628
0.260000,13.178992,13.177345
0.261000,13.192729,13.191074
0.262000,13.206477,13.204815
0.263000,13.220238,13.218568
0.264000,13.234011,13.232334
0.265000,13.247797,13.246112
0.266000,13.261594,13.259901
0.267000,13.275404,13.273703
0.268000,13.289225,13.287518
0.269000,13.303059,13.301344
0.270000,13.316905,13.315182
0.271000,13.330764,13.329033
0.272000,13.344634,13.342896
0.273000,13.358517,13.356771
0.274000,13.372412,13.370658
0.275000,13.386319,13.384558
0.276000,13.400238,13.398470
0.277000,13.414170,13.412393
0.278000,13.428114,13.426330
0.279000,13.442070,13.440278
0.280000,13.456038,13.454239
0.281000,13.470019,13.468212
0.282000,13.484012,13.482197
0.283000,13.498017,13.496194
0.284000,13.512034,13.510204
0.285000,13.526064,13.524226
0.286000,13.540106,13.538260
0.287000,13.554160,13.552306
0.288000,13.568227,13.566365
0.289000,13.582305,13.580436
0.290000,13.596397,13.594520
0.291000,13.610500,13.608615
0.292000,13.624616,13.622723
0.293000,13.638744,13.636844
0.294000,13.652885,13.650976
0.295000,13.667037,13.665121
0.296000,13.681203,13.679279
0.297000,13.695380,13.693448
0.298000,13.709570,13.707630
0.299000,13.723772,13.721825
0.300000,13.737987,13.736031
0.301000,13.752214,13.750251
0.302000,13.766453,13.764482
0.303000,13.780705,13.778726
0.304000,13.794969,13.792982
0.305000,13.809246,13.807251
0.306000,13.823535,13.821532
0.307000,13.837836,13.835825
0.308000,13.852150,13.850131
0.309000,13.866476,13.864449
0.310000,13.880815,13.878780
0.311000,13.895166,13.893123
0.312000,13.909529,13.907478
0.313000,13.923905,13.921846
0.314000,13.938293,13.936227
0.315000,13.952694,13.950620
0.316000,13.967108,13.965025
0.317000,13.981533,13.979443
0.318000,13.995972,13.993873
0.319000,14.010423,14.008316
0.320000,14.024886,14.022771
0.321000,14.039362,14.037239
0.322000,14.053850,14.051719
0.323000,14.068351,14.066211
0.324000,14.082864,14.080717
0.325000,14.097390,14.095234
0.326000,14.111928,14.109764
0.327000,14.126479,14.124307
0.328000,14.141042,14.138862
0.329000,14.155618,14.153430
0.330000,14.170206,14.168010
0.331000,14.184807,14.182603
0.332000,14.199421,14.197208
0.333000,14.214047,14.211826
0.334000,14.228686,14.226457
0.335000,14.243337,14.241100
0.336000,14.258001,14.255756
0.337000,14.272677,14.270424
0.338000,14.287366,14.285105
0.339000,14.302068,14.299798
0.340000,14.316782,14.314504
0.341000,14.331509,14.329222
0.342000,14.346248,14.343953
0.343000,14.361000,14.358697
0.344000,14.375765,14.373454
0.345000,14.390542,14.388223
0.346000,14.405332,14.403004
0.347000,14.420135,14.417798
0.348000,14.434950,14.432605
0.349000,14.449778,14.447425
0.350000,14.464618,14.462257
0.351000,14.479471,14.477102
0.352000,14.494337,14.491959
0.353000,14.509216,14.506830
0.354000,14.524107,14.521712
0.355000,14.539011,14.536608
0.356000,14.553927,14.551516
0.357000,14.568857,14.566437
0.358000,14.583798,14.581370
0.359000,14.598753,14.596317
0.360000,14.613721,14.611276
0.361000,14.628701,14.626247
0.362000,14.643693,14.641232
0.363000,14.658699,14.656229
0.364000,14.673717,14.671239
0.365000,14.688748,14.686261
0.366000,14.703792,14.701296
0.367000,14.718849,14.716344
0.368000,14.733918,14.731405
0.369000,14.749000,14.746479
0.370000,14.764095,14.761565
0.371000,14.779202,14.776664
0.372000,14.794322,14.791776
0.373000,14.809456,14.806900
0.374000,14.824602,14.822038
0.375000,14.839760,14.837188
0.376000,14.854932,14.852351
0.377000,14.870116,14.867526
0.378000,14.885313,14.882715
0.379000,14.900523,14.897916
0.380000,14.915746,14.913130
0.381000,14.930981,14.928357
0.382000,14.946230,14.943597
0.383000,14.961491,14.958850
0.384000,14.976765,14.974115
0.385000,14.992052,14.989393
0.386000,15.007352,15.004684
0.387000,15.022664,15.019988
0.388000,15.037990,15.035305
0.389000,15.053328,15.050635
0.390000,15.068679,15.065977
0.391000,15.084043,15.081333
0.392000,15.099420,15.096701
0.393000,15.114810,15.112082
0.394000,15.130213,15.127476
0.395000,15.145628,15.142883
0.396000,15.161057,15.158303
0.397000,15.176498,15.173735
0.398000,15.191953,15.189181
0.399000,15.207420,15.204639
0.400000,15.222900,15.220111
0.401000,15.238393,15.235595
0.402000,15.253899,15.251092
0.403000,15.269418,15.266603
0.404000,15.284950,15.282126
0.405000,15.300495,15.297662
0.406000,15.316053,15.313211
0.407000,15.331624,15.328773
0.408000,15.347207,15.344347
0.409000,15.362804,15.359935
0.410000,15.378414,15.375536
0.411000,15.394036,15.391150
0.412000,15.409672,15.406777
0.413000,15.425321,15.422416
0.414000,15.440982,15.438069
0.415000,15.456657,15.453735
0.416000,15.472344,15.469413
0.417000,15.488045,15.485105
0.418000,15.503758,15.500810
0.419000,15.519485,15.516527
0.420000,15.535225,15.532258
0.421000,15.550977,15.548002
0.422000,15.566743,15.563758
0.423000,15.582522,15.579528
0.424000,15.598314,15.595311
0.425000,15.614118,15.611107
0.426000,15.629936,15.626916
0.427000,15.645767,15.642737
0.428000,15.661611,15.658572
0.429000,15.677468,15.674420
0.430000,15.693338,15.690281
0.431000,15.709221,15.706156
0.432000,15.725118,15.722043
0.433000,15.741027,15.737943
0.434000,15.756949,15.753856
0.435000,15.772885,15.769783
0.436000,15.788834,15.785722
0.437000,15.804795,15.801675
0.438000,15.820770,15.817641
0.439000,15.836758,15.833619
0.440000,15.852759,15.849611
0.441000,15.868773,15.865616
0.442000,15.884800,15.881634
0.443000,15.900841,15.897666
0.444000,15.916894,15.913710
0.445000,15.932961,15.929767
0.446000,15.949041,15.945838
0.447000,15.965134,15.961922
0.448000,15.981240,15.978019
0.449000,15.997359,15.994129
0.450000,16.013492,16.010252
0.451000,16.029637,16.026388
0.452000,16.045796,16.042538
0.453000,16.061968,16.058701
0.454000,16.078153,16.074876
0.455000,16.094351,16.091066
0.456000,16.110563,16.107268
0.457000,16.126787,16.123483
0.458000,16.143025,16.139712
0.459000,16.159276,16.155953
0.460000,16.175541,16.172208
0.461000,16.191818,16.188477
0.462000,16.208109,16.204758
0.463000,16.224413,16.221053
0.464000,16.240730,16.237360
0.465000,16.257060,16.253681
0.466000,16.273404,16.270016
0.467000,16.289761,16.286363
0.468000,16.306131,16.302724
0.469000,16.322514,16.319098
0.470000,16.338911,16.335485
0.471000,16.355320,16.351885
0.472000,16.371743,16.368299
0.473000,16.388180,16.384726
0.474000,16.404629,16.401166
0.475000,16.421092,16.417619
0.476000,16.437568,16.434086
0.477000,16.454058,16.450566
0.478000,16.470560,16.467059
0.479000,16.487076,16.483566
0.480000,16.503606,16.500086
0.481000,16.520148,16.516619
0.482000,16.536704,16.533165
0.483000,16.553273,16.549725
0.484000,16.569856,16.566298
0.485000,16.586451,16.582884
0.486000,16.603060,16.599483
0.487000,16.619683,16.616096
0.488000,16.636318,16.632722
0.489000,16.652967,16.649362
0.490000,16.669630,16.666015
0.491000,16.686306,16.682681
0.492000,16.702995,16.699360
0.493000,16.719697,16.716053
0.494000,16.736413,16.732759
0.495000,16.753142,16.749479
0.496000,16.769884,16.766212
0.497000,16.786640,16.782958
0.498000,16.803409,16.799717
0.499000,16.820192,16.816490
0.500000,16.836988,16.833276
0.501000,16.853797,16.850076
0.502000,16.870620,16.866889
0.503000,16.887456,16.883715
0.504000,16.904305,16.900555
0.505000,16.921168,16.917408
0.506000,16.938044,16.934275
0.507000,16.954933,16.951155
0.508000,16.971836,16.968048
0.509000,16.988753,16.984955
0.510000,17.005683,17.001875
0.511000,17.022626,17.018808
0.512000,17.039582,17.035755
0.513000,17.056553,17.052715
0.514000,17.073536,17.069689
0.515000,17.090533,17.086676
0.516000,17.107543,17.103677
0.517000,17.124567,17.120691
0.518000,17.141604,17.137718
0.519000,17.158655,17.154759
0.520000,17.175719,17.171813
0.521000,17.192796,17.188881
0.522000,17.209887,17.205962
0.523000,17.226992,17.223057
0.524000,17.244110,17.240165
0.525000,17.261241,17.257286
0.526000,17.278386,17.274421
0.527000,17.295544,17.291570
0.528000,17.312716,17.308732
0.529000,17.329901,17.325907
0.530000,17.347100,17.343096
0.531000,17.364312,17.360298
0.532000,17.381538,17.377514
0.533000,17.398777,17.394743
0.534000,17.416030,17.411986
0.535000,17.433296,17.429242
0.536000,17.450575,17.446512
0.537000,17.467869,17.463795
0.538000,17.485175,17.481092
0.539000,17.502495,17.498402
0.540000,17.519829,17.515726
0.541000,17.537176,17.533063
0.542000,17.554537,17.550414
0.543000,17.571911,17.567778
0.544000,17.589299,17.585156
0.545000,17.606700,17.602548
0.546000,17.624115,17.619952
0.547000,17.641544,17.637371
0.548000,17.658986,17.654803
0.549000,17.676441,17.672248
0.550000,17.693910,17.689707
0.551000,17.711393,17.707180
0.552000,17.728889,17.724666
0.553000,17.746399,17.742166
0.554000,17.763922,17.759679
0.555000,17.781459,17.777205
0.556000,17.799009,17.794746
0.557000,17.816573,17.812300
0.558000,17.834150,17.829867
0.559000,17.851742,17.847448
0.560000,17.869346,17.865043
0.561000,17.886964,17.882651
0.562000,17.904596,17.900272
0.563000,17.922242,17.917908
0.564000,17.939901,17.935557
0.565000,17.957573,17.953219
0.566000,17.975259,17.970895
0.567000,17.992959,17.988585
0.568000,18.010673,18.006288
0.569000,18.028400,18.024005
0.570000,18.046140,18.041735
0.571000,18.063894,18.059479
0.572000,18.081662,18.077237
0.573000,18.099444,18.095008
0.574000,18.117239,18.112793
0.575000,18.135047,18.130591
0.576000,18.152870,18.148404
0.577000,18.170706,18.166229
0.578000,18.188555,18.184069
0.579000,18.206419,18.201922
0.580000,18.224295,18.219788
0.581000,18.242186,18.237668
0.582000,18.260090,18.255562
0.583000,18.278008,18.273470
0.584000,18.295939,18.291391
0.585000,18.313884,18.309326
0.586000,18.331843,18.327274
0.587000,18.349815,18.345236
0.588000,18.367801,18.363212
0.589000,18.385801,18.381201
0.590000,18.403814,18.399204
0.591000,18.421841,18.417221
0.592000,18.439882,18.435251
0.593000,18.457936,18.453295
0.594000,18.476004,18.471353
0.595000,18.494086,18.489424
0.596000,18.512181,18.507509
0.597000,18.530290,18.525608
0.598000,18.548413,18.543720
0.599000,18.566550,18.561846
0.600000,18.584700,18.579986
0.601000,18.602863,18.598139
0.602000,18.621041,18.616306
0.603000,18.639232,18.634487
0.604000,18.657437,18.652682
0.605000,18.675656,18.670890
0.606000,18.693888,18.689112
0.607000,18.712134,18.707347
0.608000,18.730394,18.725596
0.609000,18.748667,18.743859
0.610000,18.766954,18.762136
0.611000,18.785255,18.780426
0.612000,18.803569,18.798730
0.613000,18.821898,18.817048
0.614000,18.840240,18.835380
0.615000,18.858595,18.853725
0.616000,18.876965,18.872084
0.617000,18.895348,18.890456
0.618000,18.913745,18.908843
0.619000,18.932155,18.927243
0.620000,18.950580,18.945657
0.621000,18.969018,18.964084
0.622000,18.987470,18.982525
0.623000,19.005935,19.000980
0.624000,19.024414,19.019449
0.625000,19.042907,19.037932
0.626000,19.061414,19.056428
0.627000,19.079935,19.074938
0.628000,19.098469,19.093461
0.629000,19.117017,19.111999
0.630000,19.135579,19.130550
0.631000,19.154154,19.149115
0.632000,19.172744,19.167694
0.633000,19.191347,19.186286
0.634000,19.209963,19.204892
0.635000,19.228594,19.223512
0.636000,19.247238,19.242146
0.637000,19.265896,19.260793
0.638000,19.284568,19.279455
0.639000,19.303254,19.298130
0.640000,19.321953,19.316818
0.641000,19.340666,19.335521
0.642000,19.359393,19.354237
0.643000,19.378134,19.372967
0.644000,19.396889,19.391711
0.645000,19.415657,19.410469
0.646000,19.434439,19.429240
0.647000,19.453235,19.448025
0.648000,19.472044,19.466824
0.649000,19.490868,19.485637
0.650000,19.509705,19.504463
0.651000,19.528556,19.523303
0.652000,19.547421,19.542157
0.653000,19.566299,19.561025
0.654000,19.585192,19.579907
0.655000,19.604098,19.598802
0.656000,19.623018,19.617712
0.657000,19.641952,19.636635
0.658000,19.660899,19.655571
0.659000,19.679861,19.674522
0.660000,19.698836,19.693486
0.661000,19.717825,19.712464
0.662000,19.736828,19.731456
0.663000,19.755844,19.750462
0.664000,19.774875,19.769482
0.665000,19.793919,19.788515
0.666000,19.812977,19.807562
0.667000,19.832049,19.826623
0.668000,19.851134,19.845698
0.669000,19.870234,19.864787
0.670000,19.889347,19.883889
0.671000,19.908474,19.903006
0.672000,19.927615,19.922136
0.673000,19.946770,19.941279
0.674000,19.965938,19.960437
0.675000,19.985121,19.979609
0.676000,20.004317,19.998794
0.677000,20.023527,20.017993
0.678000,20.042751,20.037206
0.679000,20.061988,20.056433
0.680000,20.081240,20.075673
0.681000,20.100505,20.094928
0.682000,20.119784,20.114196
0.683000,20.139077,20.133478
0.684000,20.158384,20.152774
0.685000,20.177705,20.172084
0.686000,20.197039,20.191407
0.687000,20.216388,20.210745
0.688000,20.235750,20.230096
0.689000,20.255126,20.249461
0.690000,20.274516,20.268840
0.691000,20.293919,20.288232
0.692000,20.313337,20.307639
0.693000,20.332768,20.327059
0.694000,20.352213,20.346493
0.695000,20.371672,20.365942
0.696000,20.391145,20.385403
0.697000,20.410632,20.404879
0.698000,20.430133,20.424369
0.699000,20.449647,20.443872
0.700000,20.469175,20.463389
0.701000,20.488717,20.482920
0.702000,20.508273,20.502465
0.703000,20.527843,20.522024
0.704000,20.547427,20.541597
0.705000,20.567024,20.561183
0.706000,20.586635,20.580783
0.707000,20.606261,20.600397
0.708000,20.625900,20.620025
0.709000,20.645552,20.639667
0.710000,20.665219,20.659323
0.711000,20.684900,20.678992
0.712000,20.704594,20.698676
0.713000,20.724302,20.718373
0.714000,20.744025,20.738084
0.715000,20.763761,20.757809
0.716000,20.783510,20.777547
0.717000,20.803274,20.797300
0.718000,20.823052,20.817066
0.719000,20.842843,20.836847
0.720000,20.862648,20.856641
0.721000,20.882467,20.876449
0.722000,20.902300,20.896271
0.723000,20.922147,20.916106
0.724000,20.942008,20.935956
0.725000,20.961882,20.955819
0.726000,20.981771,20.975696
0.727000,21.001673,20.995588
0.728000,21.021589,21.015492
0.729000,21.041519,21.035411
0.730000,21.061463,21.055344
0.731000,21.081420,21.075290
0.732000,21.101392,21.095251
0.733000,21.121377,21.115225
0.734000,21.141377,21.135213
0.735000,21.161390,21.155215
0.736000,21.181417,21.175231
0.737000,21.201457,21.195260
0.738000,21.221512,21.215304
0.739000,21.241581,21.235361
0.740000,21.261663,21.255432
0.741000,21.281759,21.275517
0.742000,21.301869,21.295616
0.743000,21.321993,21.315729
0.744000,21.342131,21.335855
0.745000,21.362283,21.355996
0.746000,21.382448,21.376150
0.747000,21.402627,21.396318
0.748000,21.422821,21.416500
0.749000,21.443028,21.436696
0.750000,21.463249,21.456905
0.751000,21.483483,21.477129
0.752000,21.503732,21.497366
0.753000,21.523995,21.517617
0.754000,21.544271,21.537882
0.755000,21.564561,21.558161
0.756000,21.584865,21.578454
0.757000,21.605183,21.598761
0.758000,21.625515,21.619081
0.759000,21.645860,21.639415
0.760000,21.666220,21.659763
0.761000,21.686593,21.680125
0.762000,21.706980,21.700501
0.763000,21.727381,21.720891
0.764000,21.747796,21.741294
0.765000,21.768225,21.761712
0.766000,21.788667,21.782143
0.767000,21.809124,21.802588
0.768000,21.829594,21.823047
0.769000,21.850078,21.843520
0.770000,21.870576,21.864006
0.771000,21.891087,21.884507
0.772000,21.911613,21.905021
0.773000,21.932153,21.925549
0.774000,21.952706,21.946091
0.775000,21.973273,21.966646
0.776000,21.993854,21.987216
0.777000,22.014449,22.007799
0.778000,22.035057,22.028397
0.779000,22.055680,22.049008
0.780000,22.076316,22.069633
0.781000,22.096966,22.090271
0.782000,22.117630,22.110924
0.783000,22.138308,22.131590
0.784000,22.159000,22.152271
0.785000,22.179705,22.172965
0.786000,22.200424,22.193672
0.787000,22.221157,22.214394
0.788000,22.241904,22.235130
0.789000,22.262665,22.255879
0.790000,22.283440,22.276642
0.791000,22.304228,22.297419
0.792000,22.325030,22.318210
0.793000,22.345846,22.339015
0.794000,22.366676,22.359833
0.795000,22.387520,22.380665
0.796000,22.408378,22.401511
0.797000,22.429249,22.422371
0.798000,22.450134,22.443245
0.799000,22.471033,22.464132
0.800000,22.491946,22.485034
0.801000,22.512872,22.505949
0.802000,22.533813,22.526878
0.803000,22.554767,22.547821
0.804000,22.575735,22.568777
0.805000,22.596717,22.589747
0.806000,22.617712,22.610732
0.807000,22.638722,22.631729
0.808000,22.659745,22.652741
0.809000,22.680782,22.673767
0.810000,22.701833,22.694806
0.811000,22.722898,22.715859
0.812000,22.743976,22.736926
0.813000,22.765068,22.758007
0.814000,22.786174,22.779101
0.815000,22.807294,22.800210
0.816000,22.828428,22.821332
0.817000,22.849575,22.842467
0.818000,22.870736,22.863617
0.819000,22.891911,22.884780
0.820000,22.913100,22.905958
0.821000,22.934302,22.927149
0.822000,22.955518,22.948353
0.823000,22.976748,22.969572
0.824000,22.997992,22.990804
0.825000,23.019250,23.012050
0.826000,23.040521,23.033310
0.827000,23.061806,23.054584
0.828000,23.083105,23.075871
0.829000,23.104418,23.097172
0.830000,23.125744,23.118487
0.831000,23.147084,23.139815
0.832000,23.168438,23.161158
0.833000,23.189806,23.182514
0.834000,23.211187,23.203884
0.835000,23.232583,23.225267
0.836000,23.253992,23.246665
0.837000,23.275414,23.268076
0.838000,23.296851,23.289501
0.839000,23.318301,23.310939
0.840000,23.339765,23.332392
0.841000,23.361242,23.353858
0.842000,23.382734,23.375338
0.843000,23.404239,23.396831
0.844000,23.425758,23.418338
0.845000,23.447290,23.439859
0.846000,23.468837,23.461394
0.847000,23.490397,23.482942
0.848000,23.511970,23.504505
0.849000,23.533558,23.526080
0.850000,23.555159,23.547670
0.851000,23.576774,23.569273
0.852000,23.598403,23.590890
0.853000,23.620045,23.612521
0.854000,23.641701,23.634165
0.855000,23.663371,23.655824
0.856000,23.685054,23.677495
0.857000,23.706751,23.699181
0.858000,23.728462,23.720880
0.859000,23.750187,23.742593
0.860000,23.771925,23.764320
0.861000,23.793677,23.786060
0.862000,23.815442,23.807814
0.863000,23.837222,23.829581
0.864000,23.859015,23.851363
0.865000,23.880821,23.873158
0.866000,23.902642,23.894966
0.867000,23.924475,23.916789
0.868000,23.946323,23.938625
0.869000,23.968184,23.960474
0.870000,23.990059,23.982338
0.871000,24.011948,24.004215
0.872000,24.033850,24.026105
0.873000,24.055766,24.048010
0.874000,24.077696,24.069927
0.875000,24.099639,24.091859
0.876000,24.121596,24.113804
0.877000,24.143566,24.135763
0.878000,24.165551,24.157736
0.879000,24.187548,24.179722
0.880000,24.209560,24.201721
0.881000,24.231585,24.223735
0.882000,24.253624,24.245762
0.883000,24.275676,24.267803
0.884000,24.297742,24.289857
0.885000,24.319821,24.311925
0.886000,24.341914,24.334006
0.887000,24.364021,24.356101
0.888000,24.386142,24.378210
0.889000,24.408276,24.400332
0.890000,24.430423,24.422468
0.891000,24.452584,24.444618
0.892000,24.474759,24.466781
0.893000,24.496947,24.488957
0.894000,24.519149,24.511147
0.895000,24.541365,24.533351
0.896000,24.563594,24.555569
0.897000,24.585836,24.577800
0.898000,24.608093,24.600044
0.899000,24.630363,24.622302
0.900000,24.652646,24.644574
0.901000,24.674943,24.666859
0.902000,24.697253,24.689158
0.903000,24.719577,24.711470
0.904000,24.741915,24.733796
0.905000,24.764266,24.756136
0.906000,24.786631,24.778489
0.907000,24.809009,24.800855
0.908000,24.831401,24.823235
0.909000,24.853806,24.845629
0.910000,24.876225,24.868036
0.911000,24.898657,24.890456
0.912000,24.921103,24.912891
0.913000,24.943562,24.935338
0.914000,24.966035,24.957799
0.915000,24.988521,24.980274
0.916000,25.011021,25.002762
0.917000,25.033535,25.025264
0.918000,25.056061,25.047779
0.919000,25.078602,25.070308
0.920000,25.101156,25.092850
0.921000,25.123723,25.115405
0.922000,25.146304,25.137974
0.923000,25.168898,25.160557
0.924000,25.191506,25.183153
0.925000,25.214127,25.205762
0.926000,25.236762,25.228385
0.927000,25.259410,25.251022
0.928000,25.282071,25.273672
0.929000,25.304746,25.296335
0.930000,25.327435,25.319012
0.931000,25.350137,25.341702
0.932000,25.372852,25.364406
0.933000,25.395581,25.387123
0.934000,25.418323,25.409853
0.935000,25.441078,25.432597
0.936000,25.463847,25.455354
0.937000,25.486630,25.478125
0.938000,25.509426,25.500909
0.939000,25.532235,25.523707
0.940000,25.555058,25.546518
0.941000,25.577894,25.569342
0.942000,25.600743,25.592180
0.943000,25.623606,25.615031
0.944000,25.646482,25.637895
0.945000,25.669372,25.660773
0.946000,25.692275,25.683664
0.947000,25.715191,25.706569
0.948000,25.738120,25.729487
0.949000,25.761064,25.752418
0.950000,25.784020,25.775363
0.951000,25.806990,25.798321
0.952000,25.829973,25.821292
0.953000,25.852969,25.844277
0.954000,25.875979,25.867275
0.955000,25.899002,25.890286
0.956000,25.922038,25.913311
0.957000,25.945088,25.936349
0.958000,25.968151,25.959400
0.959000,25.991227,25.982465
0.960000,26.014317,26.005543
0.961000,26.037420,26.028634
0.962000,26.060536,26.051738
0.963000,26.083665,26.074856
0.964000,26.106808,26.097987
0.965000,26.129964,26.121131
0.966000,26.153133,26.144289
0.967000,26.176316,26.167460
0.968000,26.199512,26.190644
0.969000,26.222721,26.213841
0.970000,26.245943,26.237052
0.971000,26.269179,26.260276
0.972000,26.292427,26.283513
0.973000,26.315689,26.306763
0.974000,26.338965,26.330027
0.975000,26.362253,26.353304
0.976000,26.385555,26.376594
0.977000,26.408870,26.399897
0.978000,26.432198,26.423213
0.979000,26.455539,26.446543
0.980000,26.478894,26.469886
0.981000,26.502261,26.493242
0.982000,26.525642,26.516611
0.983000,26.549036,26.539993
0.984000,26.572443,26.563389
0.985000,26.595864,26.586798
0.986000,26.619297,26.610219
0.987000,26.642744,26.633654
0.988000,26.666204,26.657103
0.989000,26.689677,26.680564
0.990000,26.713163,26.704038
0.991000,26.736662,26.727526
0.992000,26.760175,26.751027
0.993000,26.783700,26.774540
0.994000,26.807239,26.798067
0.995000,26.830790,26.821607
0.996000,26.854355,26.845161
0.997000,26.877933,26.868727
0.998000,26.901524,26.892306
0.999000,26.925128,26.915899
