0.000000,99.000000,1.000000,0.000000
0.010000,98.505000,-1.#IND00,0.005000
0.020000,97.771138,-1.#IND00,0.012450
0.030000,96.687632,-1.#IND00,0.023532
0.040000,95.097683,-1.#IND00,0.039976
0.050000,92.785697,-1.#IND00,0.064288
0.060000,89.468601,-1.#IND00,0.100038
0.070000,84.802204,-1.#IND00,0.152195
0.080000,78.422704,-1.#IND00,0.227423
0.090000,70.051130,-1.#IND00,0.334172
0.100000,59.678415,-1.#IND00,0.482246
0.110000,47.790671,-1.#IND00,0.681442
0.120000,35.477910,-1.#IND00,0.939082
0.130000,24.198949,-1.#IND00,1.256997
0.140000,15.179510,-1.#IND00,1.629717
0.150000,8.865534,-1.#IND00,2.045671
0.160000,4.916435,-1.#IND00,2.491115
0.170000,2.640311,-1.#IND00,2.954077
0.180000,1.394010,-1.#IND00,3.426105
0.190000,0.730602,-1.#IND00,3.902005
0.200000,0.382224,-1.#IND00,4.378842
0.210000,0.200211,-1.#IND00,4.855036
0.220000,0.105166,-1.#IND00,5.329760
0.230000,0.055441,-1.#IND00,5.802585
0.240000,0.029344,-1.#IND00,6.273295
0.250000,0.015597,-1.#IND00,6.741782
0.260000,0.008325,-1.#IND00,7.207995
0.270000,0.004463,-1.#IND00,7.671914
0.280000,0.002403,-1.#IND00,8.133532
0.290000,0.001299,-1.#IND00,8.592852
0.300000,0.000705,-1.#IND00,9.049881
0.310000,0.000385,-1.#IND00,9.504628
0.320000,0.000211,-1.#IND00,9.957103
0.330000,0.000116,-1.#IND00,10.407317
0.340000,0.000064,-1.#IND00,10.855280
0.350000,0.000035,-1.#IND00,11.301003
0.360000,0.000020,-1.#IND00,11.744498
0.370000,0.000011,-1.#IND00,12.185775
0.380000,0.000006,-1.#IND00,12.624846
0.390000,0.000003,-1.#IND00,13.061722
0.400000,0.000002,-1.#IND00,13.496413
0.410000,0.000001,-1.#IND00,13.928931
0.420000,0.000001,-1.#IND00,14.359287
0.430000,0.000000,-1.#IND00,14.787490
0.440000,0.000000,-1.#IND00,15.213553
0.450000,0.000000,-1.#IND00,15.637485
0.460000,0.000000,-1.#IND00,16.059297
0.470000,0.000000,-1.#IND00,16.479001
0.480000,0.000000,-1.#IND00,16.896606
0.490000,0.000000,-1.#IND00,17.312123
0.500000,0.000000,-1.#IND00,17.725562
0.510000,0.000000,-1.#IND00,18.136935
0.520000,0.000000,-1.#IND00,18.546250
0.530000,0.000000,-1.#IND00,18.953519
0.540000,0.000000,-1.#IND00,19.358751
0.550000,0.000000,-1.#IND00,19.761957
0.560000,0.000000,-1.#IND00,20.163147
0.570000,0.000000,-1.#IND00,20.562332
0.580000,0.000000,-1.#IND00,20.959520
0.590000,0.000000,-1.#IND00,21.354722
0.600000,0.000000,-1.#IND00,21.747949
0.610000,0.000000,-1.#IND00,22.139209
0.620000,0.000000,-1.#IND00,22.528513
0.630000,0.000000,-1.#IND00,22.915870
0.640000,0.000000,-1.#IND00,23.301291
0.650000,0.000000,-1.#IND00,23.684785
0.660000,0.000000,-1.#IND00,24.066361
0.670000,0.000000,-1.#IND00,24.446029
0.680000,0.000000,-1.#IND00,24.823799
0.690000,0.000000,-1.#IND00,25.199680
0.700000,0.000000,-1.#IND00,25.573681
0.710000,0.000000,-1.#IND00,25.945813
0.720000,0.000000,-1.#IND00,26.316084
0.730000,0.000000,-1.#IND00,26.684504
0.740000,0.000000,-1.#IND00,27.051081
0.750000,0.000000,-1.#IND00,27.415826
0.760000,0.000000,-1.#IND00,27.778746
0.770000,0.000000,-1.#IND00,28.139853
0.780000,0.000000,-1.#IND00,28.499153
0.790000,0.000000,-1.#IND00,28.856658
0.800000,0.000000,-1.#IND00,29.212374
0.810000,0.000000,-1.#IND00,29.566313
0.820000,0.000000,-1.#IND00,29.918481
0.830000,0.000000,-1.#IND00,30.268889
0.840000,0.000000,-1.#IND00,30.617544
0.850000,0.000000,-1.#IND00,30.964456
0.860000,0.000000,-1.#IND00,31.309634
0.870000,0.000000,-1.#IND00,31.653086
0.880000,0.000000,-1.#IND00,31.994821
0.890000,0.000000,-1.#IND00,32.334846
0.900000,0.000000,-1.#IND00,32.673172
0.910000,0.000000,-1.#IND00,33.009806
0.920000,0.000000,-1.#IND00,33.344757
0.930000,0.000000,-1.#IND00,33.678034
0.940000,0.000000,-1.#IND00,34.009643
0.950000,0.000000,-1.#IND00,34.339595
0.960000,0.000000,-1.#IND00,34.667897
0.970000,0.000000,-1.#IND00,34.994558
0.980000,0.000000,-1.#IND00,35.319585
0.990000,0.000000,-1.#IND00,35.642987
1.000000,0.000000,-1.#IND00,35.964772
1.010000,0.000000,-1.#IND00,36.284948
1.020000,0.000000,-1.#IND00,36.603523
1.030000,0.000000,-1.#IND00,36.920506
1.040000,0.000000,-1.#IND00,37.235903
1.050000,0.000000,-1.#IND00,37.549724
1.060000,0.000000,-1.#IND00,37.861975
1.070000,0.000000,-1.#IND00,38.172665
1.080000,0.000000,-1.#IND00,38.481802
1.090000,0.000000,-1.#IND00,38.789393
1.100000,0.000000,-1.#IND00,39.095446
1.110000,0.000000,-1.#IND00,39.399969
1.120000,0.000000,-1.#IND00,39.702969
1.130000,0.000000,-1.#IND00,40.004454
1.140000,0.000000,-1.#IND00,40.304432
1.150000,0.000000,-1.#IND00,40.602910
1.160000,0.000000,-1.#IND00,40.899895
1.170000,0.000000,-1.#IND00,41.195396
1.180000,0.000000,-1.#IND00,41.489419
1.190000,0.000000,-1.#IND00,41.781972
1.200000,0.000000,-1.#IND00,42.073062
1.210000,0.000000,-1.#IND00,42.362696
1.220000,0.000000,-1.#IND00,42.650883
1.230000,0.000000,-1.#IND00,42.937628
1.240000,0.000000,-1.#IND00,43.222940
1.250000,0.000000,-1.#IND00,43.506826
1.260000,0.000000,-1.#IND00,43.789291
1.270000,0.000000,-1.#IND00,44.070345
1.280000,0.000000,-1.#IND00,44.349993
1.290000,0.000000,-1.#IND00,44.628243
1.300000,0.000000,-1.#IND00,44.905102
1.310000,0.000000,-1.#IND00,45.180577
1.320000,0.000000,-1.#IND00,45.454674
1.330000,0.000000,-1.#IND00,45.727400
1.340000,0.000000,-1.#IND00,45.998763
1.350000,0.000000,-1.#IND00,46.268770
1.360000,0.000000,-1.#IND00,46.537426
1.370000,0.000000,-1.#IND00,46.804739
1.380000,0.000000,-1.#IND00,47.070715
1.390000,0.000000,-1.#IND00,47.335361
1.400000,0.000000,-1.#IND00,47.598685
1.410000,0.000000,-1.#IND00,47.860691
1.420000,0.000000,-1.#IND00,48.121388
1.430000,0.000000,-1.#IND00,48.380781
1.440000,0.000000,-1.#IND00,48.638877
1.450000,0.000000,-1.#IND00,48.895682
1.460000,0.000000,-1.#IND00,49.151204
1.470000,0.000000,-1.#IND00,49.405448
1.480000,0.000000,-1.#IND00,49.658421
1.490000,0.000000,-1.#IND00,49.910129
1.500000,0.000000,-1.#IND00,50.160578
1.510000,0.000000,-1.#IND00,50.409775
1.520000,0.000000,-1.#IND00,50.657726
1.530000,0.000000,-1.#IND00,50.904438
1.540000,0.000000,-1.#IND00,51.149915
1.550000,0.000000,-1.#IND00,51.394166
1.560000,0.000000,-1.#IND00,51.637195
1.570000,0.000000,-1.#IND00,51.879009
1.580000,0.000000,-1.#IND00,52.119614
1.590000,0.000000,-1.#IND00,52.359016
1.600000,0.000000,-1.#IND00,52.597221
1.610000,0.000000,-1.#IND00,52.834235
1.620000,0.000000,-1.#IND00,53.070064
1.630000,0.000000,-1.#IND00,53.304713
1.640000,0.000000,-1.#IND00,53.538190
1.650000,0.000000,-1.#IND00,53.770499
1.660000,0.000000,-1.#IND00,54.001646
1.670000,0.000000,-1.#IND00,54.231638
1.680000,0.000000,-1.#IND00,54.460480
1.690000,0.000000,-1.#IND00,54.688177
1.700000,0.000000,-1.#IND00,54.914737
1.710000,0.000000,-1.#IND00,55.140163
1.720000,0.000000,-1.#IND00,55.364462
1.730000,0.000000,-1.#IND00,55.587640
1.740000,0.000000,-1.#IND00,55.809702
1.750000,0.000000,-1.#IND00,56.030653
1.760000,0.000000,-1.#IND00,56.250500
1.770000,0.000000,-1.#IND00,56.469247
1.780000,0.000000,-1.#IND00,56.686901
1.790000,0.000000,-1.#IND00,56.903466
1.800000,0.000000,-1.#IND00,57.118949
1.810000,0.000000,-1.#IND00,57.333354
1.820000,0.000000,-1.#IND00,57.546688
1.830000,0.000000,-1.#IND00,57.758954
1.840000,0.000000,-1.#IND00,57.970159
1.850000,0.000000,-1.#IND00,58.180309
1.860000,0.000000,-1.#IND00,58.389407
1.870000,0.000000,-1.#IND00,58.597460
1.880000,0.000000,-1.#IND00,58.804473
1.890000,0.000000,-1.#IND00,59.010450
1.900000,0.000000,-1.#IND00,59.215398
1.910000,0.000000,-1.#IND00,59.419321
1.920000,0.000000,-1.#IND00,59.622225
1.930000,0.000000,-1.#IND00,59.824113
1.940000,0.000000,-1.#IND00,60.024993
1.950000,0.000000,-1.#IND00,60.224868
1.960000,0.000000,-1.#IND00,60.423744
1.970000,0.000000,-1.#IND00,60.621625
1.980000,0.000000,-1.#IND00,60.818517
1.990000,0.000000,-1.#IND00,61.014424
2.000000,0.000000,-1.#IND00,61.209352
2.010000,0.000000,-1.#IND00,61.403305
2.020000,0.000000,-1.#IND00,61.596289
2.030000,0.000000,-1.#IND00,61.788307
2.040000,0.000000,-1.#IND00,61.979366
2.050000,0.000000,-1.#IND00,62.169469
2.060000,0.000000,-1.#IND00,62.358622
2.070000,0.000000,-1.#IND00,62.546828
2.080000,0.000000,-1.#IND00,62.734094
2.090000,0.000000,-1.#IND00,62.920424
2.100000,0.000000,-1.#IND00,63.105822
2.110000,0.000000,-1.#IND00,63.290293
2.120000,0.000000,-1.#IND00,63.473841
2.130000,0.000000,-1.#IND00,63.656472
2.140000,0.000000,-1.#IND00,63.838190
2.150000,0.000000,-1.#IND00,64.018999
2.160000,0.000000,-1.#IND00,64.198904
2.170000,0.000000,-1.#IND00,64.377909
2.180000,0.000000,-1.#IND00,64.556020
2.190000,0.000000,-1.#IND00,64.733239
2.200000,0.000000,-1.#IND00,64.909573
2.210000,0.000000,-1.#IND00,65.085025
2.220000,0.000000,-1.#IND00,65.259600
2.230000,0.000000,-1.#IND00,65.433302
2.240000,0.000000,-1.#IND00,65.606136
2.250000,0.000000,-1.#IND00,65.778105
2.260000,0.000000,-1.#IND00,65.949215
2.270000,0.000000,-1.#IND00,66.119469
2.280000,0.000000,-1.#IND00,66.288871
2.290000,0.000000,-1.#IND00,66.457427
2.300000,0.000000,-1.#IND00,66.625140
2.310000,0.000000,-1.#IND00,66.792014
2.320000,0.000000,-1.#IND00,66.958054
2.330000,0.000000,-1.#IND00,67.123264
2.340000,0.000000,-1.#IND00,67.287647
2.350000,0.000000,-1.#IND00,67.451209
2.360000,0.000000,-1.#IND00,67.613953
2.370000,0.000000,-1.#IND00,67.775883
2.380000,0.000000,-1.#IND00,67.937004
2.390000,0.000000,-1.#IND00,68.097319
2.400000,0.000000,-1.#IND00,68.256832
2.410000,0.000000,-1.#IND00,68.415548
2.420000,0.000000,-1.#IND00,68.573470
2.430000,0.000000,-1.#IND00,68.730603
2.440000,0.000000,-1.#IND00,68.886950
2.450000,0.000000,-1.#IND00,69.042515
2.460000,0.000000,-1.#IND00,69.197303
2.470000,0.000000,-1.#IND00,69.351316
2.480000,0.000000,-1.#IND00,69.504560
2.490000,0.000000,-1.#IND00,69.657037
2.500000,0.000000,-1.#IND00,69.808752
2.510000,0.000000,-1.#IND00,69.959708
2.520000,0.000000,-1.#IND00,70.109909
2.530000,0.000000,-1.#IND00,70.259360
2.540000,0.000000,-1.#IND00,70.408063
2.550000,0.000000,-1.#IND00,70.556023
2.560000,0.000000,-1.#IND00,70.703242
2.570000,0.000000,-1.#IND00,70.849726
2.580000,0.000000,-1.#IND00,70.995478
2.590000,0.000000,-1.#IND00,71.140500
2.600000,0.000000,-1.#IND00,71.284798
2.610000,0.000000,-1.#IND00,71.428374
2.620000,0.000000,-1.#IND00,71.571232
2.630000,0.000000,-1.#IND00,71.713376
2.640000,0.000000,-1.#IND00,71.854809
2.650000,0.000000,-1.#IND00,71.995535
2.660000,0.000000,-1.#IND00,72.135557
2.670000,0.000000,-1.#IND00,72.274879
2.680000,0.000000,-1.#IND00,72.413505
2.690000,0.000000,-1.#IND00,72.551437
2.700000,0.000000,-1.#IND00,72.688680
2.710000,0.000000,-1.#IND00,72.825237
2.720000,0.000000,-1.#IND00,72.961111
2.730000,0.000000,-1.#IND00,73.096305
2.740000,0.000000,-1.#IND00,73.230824
2.750000,0.000000,-1.#IND00,73.364669
2.760000,0.000000,-1.#IND00,73.497846
2.770000,0.000000,-1.#IND00,73.630357
2.780000,0.000000,-1.#IND00,73.762205
2.790000,0.000000,-1.#IND00,73.893394
2.800000,0.000000,-1.#IND00,74.023927
2.810000,0.000000,-1.#IND00,74.153807
2.820000,0.000000,-1.#IND00,74.283038
2.830000,0.000000,-1.#IND00,74.411623
2.840000,0.000000,-1.#IND00,74.539565
2.850000,0.000000,-1.#IND00,74.666867
2.860000,0.000000,-1.#IND00,74.793533
2.870000,0.000000,-1.#IND00,74.919565
2.880000,0.000000,-1.#IND00,75.044967
2.890000,0.000000,-1.#IND00,75.169743
2.900000,0.000000,-1.#IND00,75.293894
2.910000,0.000000,-1.#IND00,75.417424
2.920000,0.000000,-1.#IND00,75.540337
2.930000,0.000000,-1.#IND00,75.662636
2.940000,0.000000,-1.#IND00,75.784322
2.950000,0.000000,-1.#IND00,75.905401
2.960000,0.000000,-1.#IND00,76.025874
2.970000,0.000000,-1.#IND00,76.145744
2.980000,0.000000,-1.#IND00,76.265016
2.990000,0.000000,-1.#IND00,76.383691
3.000000,0.000000,-1.#IND00,76.501772
3.010000,0.000000,-1.#IND00,76.619263
3.020000,0.000000,-1.#IND00,76.736167
3.030000,0.000000,-1.#IND00,76.852486
3.040000,0.000000,-1.#IND00,76.968224
3.050000,0.000000,-1.#IND00,77.083383
3.060000,0.000000,-1.#IND00,77.197966
3.070000,0.000000,-1.#IND00,77.311976
3.080000,0.000000,-1.#IND00,77.425416
3.090000,0.000000,-1.#IND00,77.538289
3.100000,0.000000,-1.#IND00,77.650598
3.110000,0.000000,-1.#IND00,77.762345
3.120000,0.000000,-1.#IND00,77.873533
3.130000,0.000000,-1.#IND00,77.984165
3.140000,0.000000,-1.#IND00,78.094244
3.150000,0.000000,-1.#IND00,78.203773
3.160000,0.000000,-1.#IND00,78.312754
3.170000,0.000000,-1.#IND00,78.421190
3.180000,0.000000,-1.#IND00,78.529085
3.190000,0.000000,-1.#IND00,78.636439
3.200000,0.000000,-1.#IND00,78.743257
3.210000,0.000000,-1.#IND00,78.849541
3.220000,0.000000,-1.#IND00,78.955293
3.230000,0.000000,-1.#IND00,79.060516
3.240000,0.000000,-1.#IND00,79.165214
3.250000,0.000000,-1.#IND00,79.269388
3.260000,0.000000,-1.#IND00,79.373041
3.270000,0.000000,-1.#IND00,79.476176
3.280000,0.000000,-1.#IND00,79.578795
3.290000,0.000000,-1.#IND00,79.680901
3.300000,0.000000,-1.#IND00,79.782496
3.310000,0.000000,-1.#IND00,79.883584
3.320000,0.000000,-1.#IND00,79.984166
3.330000,0.000000,-1.#IND00,80.084245
3.340000,0.000000,-1.#IND00,80.183824
3.350000,0.000000,-1.#IND00,80.282905
3.360000,0.000000,-1.#IND00,80.381490
3.370000,0.000000,-1.#IND00,80.479583
3.380000,0.000000,-1.#IND00,80.577185
3.390000,0.000000,-1.#IND00,80.674299
3.400000,0.000000,-1.#IND00,80.770927
3.410000,0.000000,-1.#IND00,80.867073
3.420000,0.000000,-1.#IND00,80.962737
3.430000,0.000000,-1.#IND00,81.057924
3.440000,0.000000,-1.#IND00,81.152634
3.450000,0.000000,-1.#IND00,81.246871
3.460000,0.000000,-1.#IND00,81.340637
3.470000,0.000000,-1.#IND00,81.433933
3.480000,0.000000,-1.#IND00,81.526764
3.490000,0.000000,-1.#IND00,81.619130
3.500000,0.000000,-1.#IND00,81.711034
3.510000,0.000000,-1.#IND00,81.802479
3.520000,0.000000,-1.#IND00,81.893467
3.530000,0.000000,-1.#IND00,81.983999
3.540000,0.000000,-1.#IND00,82.074079
3.550000,0.000000,-1.#IND00,82.163709
3.560000,0.000000,-1.#IND00,82.252890
3.570000,0.000000,-1.#IND00,82.341626
3.580000,0.000000,-1.#IND00,82.429918
3.590000,0.000000,-1.#IND00,82.517768
3.600000,0.000000,-1.#IND00,82.605179
3.610000,0.000000,-1.#IND00,82.692154
3.620000,0.000000,-1.#IND00,82.778693
3.630000,0.000000,-1.#IND00,82.864799
3.640000,0.000000,-1.#IND00,82.950475
3.650000,0.000000,-1.#IND00,83.035723
3.660000,0.000000,-1.#IND00,83.120544
3.670000,0.000000,-1.#IND00,83.204942
3.680000,0.000000,-1.#IND00,83.288917
3.690000,0.000000,-1.#IND00,83.372472
3.700000,0.000000,-1.#IND00,83.455610
3.710000,0.000000,-1.#IND00,83.538332
3.720000,0.000000,-1.#IND00,83.620640
3.730000,0.000000,-1.#IND00,83.702537
3.740000,0.000000,-1.#IND00,83.784024
3.750000,0.000000,-1.#IND00,83.865104
3.760000,0.000000,-1.#IND00,83.945779
3.770000,0.000000,-1.#IND00,84.026050
3.780000,0.000000,-1.#IND00,84.105920
3.790000,0.000000,-1.#IND00,84.185390
3.800000,0.000000,-1.#IND00,84.264463
3.810000,0.000000,-1.#IND00,84.343141
3.820000,0.000000,-1.#IND00,84.421425
3.830000,0.000000,-1.#IND00,84.499318
3.840000,0.000000,-1.#IND00,84.576821
3.850000,0.000000,-1.#IND00,84.653937
3.860000,0.000000,-1.#IND00,84.730667
3.870000,0.000000,-1.#IND00,84.807014
3.880000,0.000000,-1.#IND00,84.882979
3.890000,0.000000,-1.#IND00,84.958564
3.900000,0.000000,-1.#IND00,85.033771
3.910000,0.000000,-1.#IND00,85.108602
3.920000,0.000000,-1.#IND00,85.183059
3.930000,0.000000,-1.#IND00,85.257144
3.940000,0.000000,-1.#IND00,85.330858
3.950000,0.000000,-1.#IND00,85.404204
3.960000,0.000000,-1.#IND00,85.477183
3.970000,0.000000,-1.#IND00,85.549797
3.980000,0.000000,-1.#IND00,85.622048
3.990000,0.000000,-1.#IND00,85.693938
4.000000,0.000000,-1.#IND00,85.765468
4.010000,0.000000,-1.#IND00,85.836641
4.020000,0.000000,-1.#IND00,85.907458
4.030000,0.000000,-1.#IND00,85.977920
4.040000,0.000000,-1.#IND00,86.048031
4.050000,0.000000,-1.#IND00,86.117791
4.060000,0.000000,-1.#IND00,86.187202
4.070000,0.000000,-1.#IND00,86.256266
4.080000,0.000000,-1.#IND00,86.324984
4.090000,0.000000,-1.#IND00,86.393360
4.100000,0.000000,-1.#IND00,86.461393
4.110000,0.000000,-1.#IND00,86.529086
4.120000,0.000000,-1.#IND00,86.596440
4.130000,0.000000,-1.#IND00,86.663458
4.140000,0.000000,-1.#IND00,86.730141
4.150000,0.000000,-1.#IND00,86.796490
4.160000,0.000000,-1.#IND00,86.862508
4.170000,0.000000,-1.#IND00,86.928195
4.180000,0.000000,-1.#IND00,86.993554
4.190000,0.000000,-1.#IND00,87.058586
4.200000,0.000000,-1.#IND00,87.123293
4.210000,0.000000,-1.#IND00,87.187677
4.220000,0.000000,-1.#IND00,87.251739
4.230000,0.000000,-1.#IND00,87.315480
4.240000,0.000000,-1.#IND00,87.378903
4.250000,0.000000,-1.#IND00,87.442008
4.260000,0.000000,-1.#IND00,87.504798
4.270000,0.000000,-1.#IND00,87.567274
4.280000,0.000000,-1.#IND00,87.629438
4.290000,0.000000,-1.#IND00,87.691290
4.300000,0.000000,-1.#IND00,87.752834
4.310000,0.000000,-1.#IND00,87.814070
4.320000,0.000000,-1.#IND00,87.874999
4.330000,0.000000,-1.#IND00,87.935624
4.340000,0.000000,-1.#IND00,87.995946
4.350000,0.000000,-1.#IND00,88.055967
4.360000,0.000000,-1.#IND00,88.115687
4.370000,0.000000,-1.#IND00,88.175108
4.380000,0.000000,-1.#IND00,88.234233
4.390000,0.000000,-1.#IND00,88.293062
4.400000,0.000000,-1.#IND00,88.351596
4.410000,0.000000,-1.#IND00,88.409838
4.420000,0.000000,-1.#IND00,88.467789
4.430000,0.000000,-1.#IND00,88.525450
4.440000,0.000000,-1.#IND00,88.582823
4.450000,0.000000,-1.#IND00,88.639909
4.460000,0.000000,-1.#IND00,88.696709
4.470000,0.000000,-1.#IND00,88.753226
4.480000,0.000000,-1.#IND00,88.809460
4.490000,0.000000,-1.#IND00,88.865412
4.500000,0.000000,-1.#IND00,88.921085
4.510000,0.000000,-1.#IND00,88.976480
4.520000,0.000000,-1.#IND00,89.031597
4.530000,0.000000,-1.#IND00,89.086439
4.540000,0.000000,-1.#IND00,89.141007
4.550000,0.000000,-1.#IND00,89.195302
4.560000,0.000000,-1.#IND00,89.249326
4.570000,0.000000,-1.#IND00,89.303079
4.580000,0.000000,-1.#IND00,89.356564
4.590000,0.000000,-1.#IND00,89.409781
4.600000,0.000000,-1.#IND00,89.462732
4.610000,0.000000,-1.#IND00,89.515418
4.620000,0.000000,-1.#IND00,89.567841
4.630000,0.000000,-1.#IND00,89.620002
4.640000,0.000000,-1.#IND00,89.671902
4.650000,0.000000,-1.#IND00,89.723542
4.660000,0.000000,-1.#IND00,89.774925
4.670000,0.000000,-1.#IND00,89.826050
4.680000,0.000000,-1.#IND00,89.876920
4.690000,0.000000,-1.#IND00,89.927535
4.700000,0.000000,-1.#IND00,89.977898
4.710000,0.000000,-1.#IND00,90.028008
4.720000,0.000000,-1.#IND00,90.077868
4.730000,0.000000,-1.#IND00,90.127479
4.740000,0.000000,-1.#IND00,90.176841
4.750000,0.000000,-1.#IND00,90.225957
4.760000,0.000000,-1.#IND00,90.274827
4.770000,0.000000,-1.#IND00,90.323453
4.780000,0.000000,-1.#IND00,90.371836
4.790000,0.000000,-1.#IND00,90.419977
4.800000,0.000000,-1.#IND00,90.467877
4.810000,0.000000,-1.#IND00,90.515537
4.820000,0.000000,-1.#IND00,90.562960
4.830000,0.000000,-1.#IND00,90.610145
4.840000,0.000000,-1.#IND00,90.657094
4.850000,0.000000,-1.#IND00,90.703809
4.860000,0.000000,-1.#IND00,90.750290
4.870000,0.000000,-1.#IND00,90.796538
4.880000,0.000000,-1.#IND00,90.842556
4.890000,0.000000,-1.#IND00,90.888343
4.900000,0.000000,-1.#IND00,90.933901
4.910000,0.000000,-1.#IND00,90.979232
4.920000,0.000000,-1.#IND00,91.024335
4.930000,0.000000,-1.#IND00,91.069214
4.940000,0.000000,-1.#IND00,91.113868
4.950000,0.000000,-1.#IND00,91.158298
4.960000,0.000000,-1.#IND00,91.202507
4.970000,0.000000,-1.#IND00,91.246494
4.980000,0.000000,-1.#IND00,91.290262
4.990000,0.000000,-1.#IND00,91.333811
5.000000,0.000000,-1.#IND00,91.377142
5.010000,0.000000,-1.#IND00,91.420256
5.020000,0.000000,-1.#IND00,91.463155
5.030000,0.000000,-1.#IND00,91.505839
5.040000,0.000000,-1.#IND00,91.548310
5.050000,0.000000,-1.#IND00,91.590568
5.060000,0.000000,-1.#IND00,91.632615
5.070000,0.000000,-1.#IND00,91.674452
5.080000,0.000000,-1.#IND00,91.716080
5.090000,0.000000,-1.#IND00,91.757499
5.100000,0.000000,-1.#IND00,91.798712
5.110000,0.000000,-1.#IND00,91.839718
5.120000,0.000000,-1.#IND00,91.880520
5.130000,0.000000,-1.#IND00,91.921117
5.140000,0.000000,-1.#IND00,91.961512
5.150000,0.000000,-1.#IND00,92.001704
5.160000,0.000000,-1.#IND00,92.041696
5.170000,0.000000,-1.#IND00,92.081487
5.180000,0.000000,-1.#IND00,92.121080
5.190000,0.000000,-1.#IND00,92.160474
5.200000,0.000000,-1.#IND00,92.199672
5.210000,0.000000,-1.#IND00,92.238673
5.220000,0.000000,-1.#IND00,92.277480
5.230000,0.000000,-1.#IND00,92.316093
5.240000,0.000000,-1.#IND00,92.354512
5.250000,0.000000,-1.#IND00,92.392740
5.260000,0.000000,-1.#IND00,92.430776
5.270000,0.000000,-1.#IND00,92.468622
5.280000,0.000000,-1.#IND00,92.506279
5.290000,0.000000,-1.#IND00,92.543748
5.300000,0.000000,-1.#IND00,92.581029
5.310000,0.000000,-1.#IND00,92.618124
5.320000,0.000000,-1.#IND00,92.655033
5.330000,0.000000,-1.#IND00,92.691758
5.340000,0.000000,-1.#IND00,92.728299
5.350000,0.000000,-1.#IND00,92.764658
5.360000,0.000000,-1.#IND00,92.800834
5.370000,0.000000,-1.#IND00,92.836830
5.380000,0.000000,-1.#IND00,92.872646
5.390000,0.000000,-1.#IND00,92.908283
5.400000,0.000000,-1.#IND00,92.943741
5.410000,0.000000,-1.#IND00,92.979023
5.420000,0.000000,-1.#IND00,93.014128
5.430000,0.000000,-1.#IND00,93.049057
5.440000,0.000000,-1.#IND00,93.083812
5.450000,0.000000,-1.#IND00,93.118393
5.460000,0.000000,-1.#IND00,93.152801
5.470000,0.000000,-1.#IND00,93.187037
5.480000,0.000000,-1.#IND00,93.221101
5.490000,0.000000,-1.#IND00,93.254996
5.500000,0.000000,-1.#IND00,93.288721
5.510000,0.000000,-1.#IND00,93.322277
5.520000,0.000000,-1.#IND00,93.355666
5.530000,0.000000,-1.#IND00,93.388888
5.540000,0.000000,-1.#IND00,93.421943
5.550000,0.000000,-1.#IND00,93.454833
5.560000,0.000000,-1.#IND00,93.487559
5.570000,0.000000,-1.#IND00,93.520122
5.580000,0.000000,-1.#IND00,93.552521
5.590000,0.000000,-1.#IND00,93.584758
5.600000,0.000000,-1.#IND00,93.616835
5.610000,0.000000,-1.#IND00,93.648750
5.620000,0.000000,-1.#IND00,93.680507
5.630000,0.000000,-1.#IND00,93.712104
5.640000,0.000000,-1.#IND00,93.743544
5.650000,0.000000,-1.#IND00,93.774826
5.660000,0.000000,-1.#IND00,93.805952
5.670000,0.000000,-1.#IND00,93.836922
5.680000,0.000000,-1.#IND00,93.867737
5.690000,0.000000,-1.#IND00,93.898399
5.700000,0.000000,-1.#IND00,93.928907
5.710000,0.000000,-1.#IND00,93.959262
5.720000,0.000000,-1.#IND00,93.989466
5.730000,0.000000,-1.#IND00,94.019518
5.740000,0.000000,-1.#IND00,94.049421
5.750000,0.000000,-1.#IND00,94.079174
5.760000,0.000000,-1.#IND00,94.108778
5.770000,0.000000,-1.#IND00,94.138234
5.780000,0.000000,-1.#IND00,94.167543
5.790000,0.000000,-1.#IND00,94.196705
5.800000,0.000000,-1.#IND00,94.225722
5.810000,0.000000,-1.#IND00,94.254593
5.820000,0.000000,-1.#IND00,94.283320
5.830000,0.000000,-1.#IND00,94.311903
5.840000,0.000000,-1.#IND00,94.340344
5.850000,0.000000,-1.#IND00,94.368642
5.860000,0.000000,-1.#IND00,94.396799
5.870000,0.000000,-1.#IND00,94.424815
5.880000,0.000000,-1.#IND00,94.452691
5.890000,0.000000,-1.#IND00,94.480427
5.900000,0.000000,-1.#IND00,94.508025
5.910000,0.000000,-1.#IND00,94.535485
5.920000,0.000000,-1.#IND00,94.562808
5.930000,0.000000,-1.#IND00,94.589994
5.940000,0.000000,-1.#IND00,94.617044
5.950000,0.000000,-1.#IND00,94.643959
5.960000,0.000000,-1.#IND00,94.670739
5.970000,0.000000,-1.#IND00,94.697385
5.980000,0.000000,-1.#IND00,94.723898
5.990000,0.000000,-1.#IND00,94.750279
6.000000,0.000000,-1.#IND00,94.776527
6.010000,0.000000,-1.#IND00,94.802645
6.020000,0.000000,-1.#IND00,94.828631
6.030000,0.000000,-1.#IND00,94.854488
6.040000,0.000000,-1.#IND00,94.880216
6.050000,0.000000,-1.#IND00,94.905815
6.060000,0.000000,-1.#IND00,94.931286
6.070000,0.000000,-1.#IND00,94.956629
6.080000,0.000000,-1.#IND00,94.981846
6.090000,0.000000,-1.#IND00,95.006937
6.100000,0.000000,-1.#IND00,95.031902
6.110000,0.000000,-1.#IND00,95.056743
6.120000,0.000000,-1.#IND00,95.081459
6.130000,0.000000,-1.#IND00,95.106052
6.140000,0.000000,-1.#IND00,95.130521
6.150000,0.000000,-1.#IND00,95.154869
6.160000,0.000000,-1.#IND00,95.179094
6.170000,0.000000,-1.#IND00,95.203199
6.180000,0.000000,-1.#IND00,95.227183
6.190000,0.000000,-1.#IND00,95.251047
6.200000,0.000000,-1.#IND00,95.274792
6.210000,0.000000,-1.#IND00,95.298418
6.220000,0.000000,-1.#IND00,95.321926
6.230000,0.000000,-1.#IND00,95.345316
6.240000,0.000000,-1.#IND00,95.368590
6.250000,0.000000,-1.#IND00,95.391747
6.260000,0.000000,-1.#IND00,95.414788
6.270000,0.000000,-1.#IND00,95.437714
6.280000,0.000000,-1.#IND00,95.460525
6.290000,0.000000,-1.#IND00,95.483223
6.300000,0.000000,-1.#IND00,95.505807
6.310000,0.000000,-1.#IND00,95.528278
6.320000,0.000000,-1.#IND00,95.550636
6.330000,0.000000,-1.#IND00,95.572883
6.340000,0.000000,-1.#IND00,95.595019
6.350000,0.000000,-1.#IND00,95.617044
6.360000,0.000000,-1.#IND00,95.638958
6.370000,0.000000,-1.#IND00,95.660764
6.380000,0.000000,-1.#IND00,95.682460
6.390000,0.000000,-1.#IND00,95.704047
6.400000,0.000000,-1.#IND00,95.725527
6.410000,0.000000,-1.#IND00,95.746900
6.420000,0.000000,-1.#IND00,95.768165
6.430000,0.000000,-1.#IND00,95.789324
6.440000,0.000000,-1.#IND00,95.810378
6.450000,0.000000,-1.#IND00,95.831326
6.460000,0.000000,-1.#IND00,95.852169
6.470000,0.000000,-1.#IND00,95.872908
6.480000,0.000000,-1.#IND00,95.893544
6.490000,0.000000,-1.#IND00,95.914076
6.500000,0.000000,-1.#IND00,95.934506
6.510000,0.000000,-1.#IND00,95.954833
6.520000,0.000000,-1.#IND00,95.975059
6.530000,0.000000,-1.#IND00,95.995184
6.540000,0.000000,-1.#IND00,96.015208
6.550000,0.000000,-1.#IND00,96.035132
6.560000,0.000000,-1.#IND00,96.054956
6.570000,0.000000,-1.#IND00,96.074681
6.580000,0.000000,-1.#IND00,96.094308
6.590000,0.000000,-1.#IND00,96.113836
6.600000,0.000000,-1.#IND00,96.133267
6.610000,0.000000,-1.#IND00,96.152601
6.620000,0.000000,-1.#IND00,96.171838
6.630000,0.000000,-1.#IND00,96.190979
6.640000,0.000000,-1.#IND00,96.210024
6.650000,0.000000,-1.#IND00,96.228974
6.660000,0.000000,-1.#IND00,96.247829
6.670000,0.000000,-1.#IND00,96.266590
6.680000,0.000000,-1.#IND00,96.285257
6.690000,0.000000,-1.#IND00,96.303830
6.700000,0.000000,-1.#IND00,96.322311
6.710000,0.000000,-1.#IND00,96.340700
6.720000,0.000000,-1.#IND00,96.358996
6.730000,0.000000,-1.#IND00,96.377201
6.740000,0.000000,-1.#IND00,96.395315
6.750000,0.000000,-1.#IND00,96.413339
6.760000,0.000000,-1.#IND00,96.431272
6.770000,0.000000,-1.#IND00,96.449115
6.780000,0.000000,-1.#IND00,96.466870
6.790000,0.000000,-1.#IND00,96.484536
6.800000,0.000000,-1.#IND00,96.502113
6.810000,0.000000,-1.#IND00,96.519602
6.820000,0.000000,-1.#IND00,96.537004
6.830000,0.000000,-1.#IND00,96.554319
6.840000,0.000000,-1.#IND00,96.571548
6.850000,0.000000,-1.#IND00,96.588690
6.860000,0.000000,-1.#IND00,96.605746
6.870000,0.000000,-1.#IND00,96.622718
6.880000,0.000000,-1.#IND00,96.639604
6.890000,0.000000,-1.#IND00,96.656406
6.900000,0.000000,-1.#IND00,96.673124
6.910000,0.000000,-1.#IND00,96.689758
6.920000,0.000000,-1.#IND00,96.706310
6.930000,0.000000,-1.#IND00,96.722778
6.940000,0.000000,-1.#IND00,96.739164
6.950000,0.000000,-1.#IND00,96.755468
6.960000,0.000000,-1.#IND00,96.771691
6.970000,0.000000,-1.#IND00,96.787833
6.980000,0.000000,-1.#IND00,96.803893
6.990000,0.000000,-1.#IND00,96.819874
7.000000,0.000000,-1.#IND00,96.835775
7.010000,0.000000,-1.#IND00,96.851596
7.020000,0.000000,-1.#IND00,96.867338
7.030000,0.000000,-1.#IND00,96.883001
7.040000,0.000000,-1.#IND00,96.898586
7.050000,0.000000,-1.#IND00,96.914093
7.060000,0.000000,-1.#IND00,96.929523
7.070000,0.000000,-1.#IND00,96.944875
7.080000,0.000000,-1.#IND00,96.960151
7.090000,0.000000,-1.#IND00,96.975350
7.100000,0.000000,-1.#IND00,96.990473
7.110000,0.000000,-1.#IND00,97.005521
7.120000,0.000000,-1.#IND00,97.020493
7.130000,0.000000,-1.#IND00,97.035391
7.140000,0.000000,-1.#IND00,97.050214
7.150000,0.000000,-1.#IND00,97.064963
7.160000,0.000000,-1.#IND00,97.079638
7.170000,0.000000,-1.#IND00,97.094240
7.180000,0.000000,-1.#IND00,97.108769
7.190000,0.000000,-1.#IND00,97.123225
7.200000,0.000000,-1.#IND00,97.137609
7.210000,0.000000,-1.#IND00,97.151921
7.220000,0.000000,-1.#IND00,97.166161
7.230000,0.000000,-1.#IND00,97.180330
7.240000,0.000000,-1.#IND00,97.194428
7.250000,0.000000,-1.#IND00,97.208456
7.260000,0.000000,-1.#IND00,97.222414
7.270000,0.000000,-1.#IND00,97.236302
7.280000,0.000000,-1.#IND00,97.250120
7.290000,0.000000,-1.#IND00,97.263870
7.300000,0.000000,-1.#IND00,97.277551
7.310000,0.000000,-1.#IND00,97.291163
7.320000,0.000000,-1.#IND00,97.304707
7.330000,0.000000,-1.#IND00,97.318183
7.340000,0.000000,-1.#IND00,97.331592
7.350000,0.000000,-1.#IND00,97.344935
7.360000,0.000000,-1.#IND00,97.358210
7.370000,0.000000,-1.#IND00,97.371419
7.380000,0.000000,-1.#IND00,97.384562
7.390000,0.000000,-1.#IND00,97.397639
7.400000,0.000000,-1.#IND00,97.410651
7.410000,0.000000,-1.#IND00,97.423597
7.420000,0.000000,-1.#IND00,97.436479
7.430000,0.000000,-1.#IND00,97.449297
7.440000,0.000000,-1.#IND00,97.462051
7.450000,0.000000,-1.#IND00,97.474740
7.460000,0.000000,-1.#IND00,97.487367
7.470000,0.000000,-1.#IND00,97.499930
7.480000,0.000000,-1.#IND00,97.512430
7.490000,0.000000,-1.#IND00,97.524868
7.500000,0.000000,-1.#IND00,97.537244
7.510000,0.000000,-1.#IND00,97.549557
7.520000,0.000000,-1.#IND00,97.561810
7.530000,0.000000,-1.#IND00,97.574001
7.540000,0.000000,-1.#IND00,97.586131
7.550000,0.000000,-1.#IND00,97.598200
7.560000,0.000000,-1.#IND00,97.610209
7.570000,0.000000,-1.#IND00,97.622158
7.580000,0.000000,-1.#IND00,97.634047
7.590000,0.000000,-1.#IND00,97.645877
7.600000,0.000000,-1.#IND00,97.657648
7.610000,0.000000,-1.#IND00,97.669359
7.620000,0.000000,-1.#IND00,97.681012
7.630000,0.000000,-1.#IND00,97.692607
7.640000,0.000000,-1.#IND00,97.704144
7.650000,0.000000,-1.#IND00,97.715624
7.660000,0.000000,-1.#IND00,97.727046
7.670000,0.000000,-1.#IND00,97.738410
7.680000,0.000000,-1.#IND00,97.749718
7.690000,0.000000,-1.#IND00,97.760970
7.700000,0.000000,-1.#IND00,97.772165
7.710000,0.000000,-1.#IND00,97.783304
7.720000,0.000000,-1.#IND00,97.794387
7.730000,0.000000,-1.#IND00,97.805416
7.740000,0.000000,-1.#IND00,97.816388
7.750000,0.000000,-1.#IND00,97.827307
7.760000,0.000000,-1.#IND00,97.838170
7.770000,0.000000,-1.#IND00,97.848979
7.780000,0.000000,-1.#IND00,97.859734
7.790000,0.000000,-1.#IND00,97.870436
7.800000,0.000000,-1.#IND00,97.881083
7.810000,0.000000,-1.#IND00,97.891678
7.820000,0.000000,-1.#IND00,97.902220
7.830000,0.000000,-1.#IND00,97.912708
7.840000,0.000000,-1.#IND00,97.923145
7.850000,0.000000,-1.#IND00,97.933529
7.860000,0.000000,-1.#IND00,97.943862
7.870000,0.000000,-1.#IND00,97.954142
7.880000,0.000000,-1.#IND00,97.964372
7.890000,0.000000,-1.#IND00,97.974550
7.900000,0.000000,-1.#IND00,97.984677
7.910000,0.000000,-1.#IND00,97.994754
7.920000,0.000000,-1.#IND00,98.004780
7.930000,0.000000,-1.#IND00,98.014756
7.940000,0.000000,-1.#IND00,98.024682
7.950000,0.000000,-1.#IND00,98.034559
7.960000,0.000000,-1.#IND00,98.044386
7.970000,0.000000,-1.#IND00,98.054164
7.980000,0.000000,-1.#IND00,98.063893
7.990000,0.000000,-1.#IND00,98.073574
8.000000,0.000000,-1.#IND00,98.083206
8.010000,0.000000,-1.#IND00,98.092790
8.020000,0.000000,-1.#IND00,98.102326
8.030000,0.000000,-1.#IND00,98.111814
8.040000,0.000000,-1.#IND00,98.121255
8.050000,0.000000,-1.#IND00,98.130649
8.060000,0.000000,-1.#IND00,98.139996
8.070000,0.000000,-1.#IND00,98.149296
8.080000,0.000000,-1.#IND00,98.158549
8.090000,0.000000,-1.#IND00,98.167756
8.100000,0.000000,-1.#IND00,98.176918
8.110000,0.000000,-1.#IND00,98.186033
8.120000,0.000000,-1.#IND00,98.195103
8.130000,0.000000,-1.#IND00,98.204127
8.140000,0.000000,-1.#IND00,98.213107
8.150000,0.000000,-1.#IND00,98.222041
8.160000,0.000000,-1.#IND00,98.230931
8.170000,0.000000,-1.#IND00,98.239776
8.180000,0.000000,-1.#IND00,98.248577
8.190000,0.000000,-1.#IND00,98.257335
8.200000,0.000000,-1.#IND00,98.266048
8.210000,0.000000,-1.#IND00,98.274718
8.220000,0.000000,-1.#IND00,98.283344
8.230000,0.000000,-1.#IND00,98.291927
8.240000,0.000000,-1.#IND00,98.300468
8.250000,0.000000,-1.#IND00,98.308965
8.260000,0.000000,-1.#IND00,98.317421
8.270000,0.000000,-1.#IND00,98.325833
8.280000,0.000000,-1.#IND00,98.334204
8.290000,0.000000,-1.#IND00,98.342533
8.300000,0.000000,-1.#IND00,98.350821
8.310000,0.000000,-1.#IND00,98.359066
8.320000,0.000000,-1.#IND00,98.367271
8.330000,0.000000,-1.#IND00,98.375435
8.340000,0.000000,-1.#IND00,98.383558
8.350000,0.000000,-1.#IND00,98.391640
8.360000,0.000000,-1.#IND00,98.399682
8.370000,0.000000,-1.#IND00,98.407683
8.380000,0.000000,-1.#IND00,98.415645
8.390000,0.000000,-1.#IND00,98.423567
8.400000,0.000000,-1.#IND00,98.431449
8.410000,0.000000,-1.#IND00,98.439292
8.420000,0.000000,-1.#IND00,98.447095
8.430000,0.000000,-1.#IND00,98.454860
8.440000,0.000000,-1.#IND00,98.462585
8.450000,0.000000,-1.#IND00,98.470272
8.460000,0.000000,-1.#IND00,98.477921
8.470000,0.000000,-1.#IND00,98.485531
8.480000,0.000000,-1.#IND00,98.493104
8.490000,0.000000,-1.#IND00,98.500638
8.500000,0.000000,-1.#IND00,98.508135
8.510000,0.000000,-1.#IND00,98.515594
8.520000,0.000000,-1.#IND00,98.523016
8.530000,0.000000,-1.#IND00,98.530401
8.540000,0.000000,-1.#IND00,98.537749
8.550000,0.000000,-1.#IND00,98.545061
8.560000,0.000000,-1.#IND00,98.552335
8.570000,0.000000,-1.#IND00,98.559574
8.580000,0.000000,-1.#IND00,98.566776
8.590000,0.000000,-1.#IND00,98.573942
8.600000,0.000000,-1.#IND00,98.581072
8.610000,0.000000,-1.#IND00,98.588167
8.620000,0.000000,-1.#IND00,98.595226
8.630000,0.000000,-1.#IND00,98.602250
8.640000,0.000000,-1.#IND00,98.609239
8.650000,0.000000,-1.#IND00,98.616192
8.660000,0.000000,-1.#IND00,98.623111
8.670000,0.000000,-1.#IND00,98.629996
8.680000,0.000000,-1.#IND00,98.636846
8.690000,0.000000,-1.#IND00,98.643662
8.700000,0.000000,-1.#IND00,98.650443
8.710000,0.000000,-1.#IND00,98.657191
8.720000,0.000000,-1.#IND00,98.663905
8.730000,0.000000,-1.#IND00,98.670586
8.740000,0.000000,-1.#IND00,98.677233
8.750000,0.000000,-1.#IND00,98.683847
8.760000,0.000000,-1.#IND00,98.690427
8.770000,0.000000,-1.#IND00,98.696975
8.780000,0.000000,-1.#IND00,98.703490
8.790000,0.000000,-1.#IND00,98.709973
8.800000,0.000000,-1.#IND00,98.716423
8.810000,0.000000,-1.#IND00,98.722841
8.820000,0.000000,-1.#IND00,98.729227
8.830000,0.000000,-1.#IND00,98.735581
8.840000,0.000000,-1.#IND00,98.741903
8.850000,0.000000,-1.#IND00,98.748193
8.860000,0.000000,-1.#IND00,98.754452
8.870000,0.000000,-1.#IND00,98.760680
8.880000,0.000000,-1.#IND00,98.766876
8.890000,0.000000,-1.#IND00,98.773042
8.900000,0.000000,-1.#IND00,98.779177
8.910000,0.000000,-1.#IND00,98.785281
8.920000,0.000000,-1.#IND00,98.791355
8.930000,0.000000,-1.#IND00,98.797398
8.940000,0.000000,-1.#IND00,98.803411
8.950000,0.000000,-1.#IND00,98.809394
8.960000,0.000000,-1.#IND00,98.815347
8.970000,0.000000,-1.#IND00,98.821270
8.980000,0.000000,-1.#IND00,98.827164
8.990000,0.000000,-1.#IND00,98.833028
9.000000,0.000000,-1.#IND00,98.838863
9.010000,0.000000,-1.#IND00,98.844668
9.020000,0.000000,-1.#IND00,98.850445
9.030000,0.000000,-1.#IND00,98.856193
9.040000,0.000000,-1.#IND00,98.861912
9.050000,0.000000,-1.#IND00,98.867602
9.060000,0.000000,-1.#IND00,98.873264
9.070000,0.000000,-1.#IND00,98.878898
9.080000,0.000000,-1.#IND00,98.884504
9.090000,0.000000,-1.#IND00,98.890081
9.100000,0.000000,-1.#IND00,98.895631
9.110000,0.000000,-1.#IND00,98.901152
9.120000,0.000000,-1.#IND00,98.906647
9.130000,0.000000,-1.#IND00,98.912113
9.140000,0.000000,-1.#IND00,98.917553
9.150000,0.000000,-1.#IND00,98.922965
9.160000,0.000000,-1.#IND00,98.928350
9.170000,0.000000,-1.#IND00,98.933709
9.180000,0.000000,-1.#IND00,98.939040
9.190000,0.000000,-1.#IND00,98.944345
9.200000,0.000000,-1.#IND00,98.949623
9.210000,0.000000,-1.#IND00,98.954875
9.220000,0.000000,-1.#IND00,98.960101
9.230000,0.000000,-1.#IND00,98.965300
9.240000,0.000000,-1.#IND00,98.970474
9.250000,0.000000,-1.#IND00,98.975621
9.260000,0.000000,-1.#IND00,98.980743
9.270000,0.000000,-1.#IND00,98.985839
9.280000,0.000000,-1.#IND00,98.990910
9.290000,0.000000,-1.#IND00,98.995956
9.300000,0.000000,1.175778,99.000976
9.310000,0.000000,1.431493,99.005971
9.320000,0.000000,1.580992,99.010941
9.330000,0.000000,1.696404,99.015886
9.340000,0.000000,1.792467,99.020807
9.350000,0.000000,1.875244,99.025703
9.360000,0.000000,1.947909,99.030574
9.370000,0.000000,2.012350,99.035422
9.380000,0.000000,2.069793,99.040244
9.390000,0.000000,2.121080,99.045043
9.400000,0.000000,2.166817,99.049818
9.410000,0.000000,2.207456,99.054569
9.420000,0.000000,2.243346,99.059296
9.430000,0.000000,2.274761,99.064000
9.440000,0.000000,2.301922,99.068680
9.450000,0.000000,2.325013,99.073336
9.460000,0.000000,2.344188,99.077970
9.470000,0.000000,2.359581,99.082580
9.480000,0.000000,2.371308,99.087167
9.490000,0.000000,2.379473,99.091731
9.500000,0.000000,2.384170,99.096272
9.510000,0.000000,2.385486,99.100791
9.520000,0.000000,2.383502,99.105287
9.530000,0.000000,2.378294,99.109761
9.540000,0.000000,2.369937,99.114212
9.550000,0.000000,2.358499,99.118641
9.560000,0.000000,2.344052,99.123047
9.570000,0.000000,2.326661,99.127432
9.580000,0.000000,2.306394,99.131795
9.590000,0.000000,2.283317,99.136136
9.600000,0.000000,2.257495,99.140455
9.610000,0.000000,2.228993,99.144753
9.620000,0.000000,2.197878,99.149029
9.630000,0.000000,2.164213,99.153284
9.640000,0.000000,2.128066,99.157518
9.650000,0.000000,2.089501,99.161730
9.660000,0.000000,2.048584,99.165922
9.670000,0.000000,2.005383,99.170092
9.680000,0.000000,1.959962,99.174242
9.690000,0.000000,1.912390,99.178370
9.700000,0.000000,1.862733,99.182478
9.710000,0.000000,1.811058,99.186566
9.720000,0.000000,1.757432,99.190633
9.730000,0.000000,1.701924,99.194680
9.740000,0.000000,1.644601,99.198707
9.750000,0.000000,1.585530,99.202713
9.760000,0.000000,1.524779,99.206700
9.770000,0.000000,1.462416,99.210666
9.780000,0.000000,1.398509,99.214613
9.790000,0.000000,1.333124,99.218540
9.800000,0.000000,1.266330,99.222447
9.810000,0.000000,1.198193,99.226335
9.820000,0.000000,1.128781,99.230203
9.830000,0.000000,1.058159,99.234052
9.840000,0.000000,0.986393,99.237882
9.850000,0.000000,0.913551,99.241692
9.860000,0.000000,0.839696,99.245484
9.870000,0.000000,0.764893,99.249256
9.880000,0.000000,0.689207,99.253010
9.890000,0.000000,0.612701,99.256745
9.900000,0.000000,0.535439,99.260461
9.910000,0.000000,0.457482,99.264159
9.920000,0.000000,0.378893,99.267838
9.930000,0.000000,0.299731,99.271499
9.940000,0.000000,0.220058,99.275142
9.950000,0.000000,0.139932,99.278766
9.960000,0.000000,0.059412,99.282372
9.970000,0.000000,-0.021444,99.285960
9.980000,0.000000,-0.102579,99.289530
9.990000,0.000000,-0.183939,99.293083
